L 1000.0, 0.0, 0.0, 1000.0, -50.0, 0.0, 255, 0, 0
L -20.0, 50.0, 0.0, -50.0, 20.0, 0.0, 255, 0, 0
L 50.0, 20.0, 0.0, 20.0, 50.0, 0.0, 255, 0, 0
L 20.0, -50.0, 0.0, 50.0, -20.0, 0.0, 255, 0, 0
L -50.0, -20.0, 0.0, -20.0, -50.0, 0.0, 255, 0, 0
L -50.0, 20.0, 0.0, -50.0, -20.0, 0.0, 255, 0, 0
L 20.0, 50.0, 0.0, -20.0, 50.0, 0.0, 255, 0, 0
L 50.0, -20.0, 0.0, 50.0, 20.0, 0.0, 255, 0, 0
L -20.0, -50.0, 0.0, 20.0, -50.0, 0.0, 255, 0, 0
L 580.0, -20.0, 0.0, 540.0, -20.0, 0.0, 255, 0, 0
L 580.0, -90.0, 0.0, 580.0, -20.0, 0.0, 255, 0, 0
L 540.0, -90.0, 0.0, 580.0, -90.0, 0.0, 255, 0, 0
L 540.0, -20.0, 0.0, 540.0, -90.0, 0.0, 255, 0, 0
L 520.0, -20.0, 0.0, 480.0, -20.0, 0.0, 255, 0, 0
L 520.0, -90.0, 0.0, 520.0, -20.0, 0.0, 255, 0, 0
L 480.0, -90.0, 0.0, 520.0, -90.0, 0.0, 255, 0, 0
L 480.0, -20.0, 0.0, 480.0, -90.0, 0.0, 255, 0, 0
L 460.0, -90.0, 0.0, 450.0, -80.0, 0.0, 255, 0, 0
L 460.0, -20.0, 0.0, 460.0, -90.0, 0.0, 255, 0, 0
L 0.0, -250.0, 0.0, 0.0, 250.0, 0.0, 255, 0, 0
L -250.0, 0.0, 0.0, 1000.0, 0.0, 0.0, 255, 0, 0
L -120.0, -80.0, 0.0, -120.0, -60.0, 0.0, 255, 0, 0
L -120.0, -60.0, 0.0, -120.0, -40.0, 0.0, 255, 0, 0
L -100.0, -60.0, 0.0, -120.0, -60.0, 0.0, 255, 0, 0
L -120.0, -60.0, 0.0, -140.0, -60.0, 0.0, 255, 0, 0
L -90.0, -50.0, 0.0, -100.0, -30.0, 0.0, 255, 0, 0
L -60.0, -80.0, 0.0, -60.0, -60.0, 0.0, 255, 0, 0
L -60.0, -60.0, 0.0, -60.0, -40.0, 0.0, 255, 0, 0
L -40.0, -60.0, 0.0, -60.0, -60.0, 0.0, 255, 0, 0
L -60.0, -60.0, 0.0, -80.0, -60.0, 0.0, 255, 0, 0
L 100.0, 60.0, 0.0, 120.0, 60.0, 0.0, 255, 0, 0
L 120.0, 60.0, 0.0, 140.0, 60.0, 0.0, 255, 0, 0
L 90.0, 70.0, 0.0, 80.0, 90.0, 0.0, 255, 0, 0
L 40.0, 60.0, 0.0, 60.0, 60.0, 0.0, 255, 0, 0
L 60.0, 60.0, 0.0, 80.0, 60.0, 0.0, 255, 0, 0
L -100.0, 60.0, 0.0, -120.0, 60.0, 0.0, 255, 0, 0
L -120.0, 60.0, 0.0, -140.0, 60.0, 0.0, 255, 0, 0
L -90.0, 70.0, 0.0, -100.0, 90.0, 0.0, 255, 0, 0
L -60.0, 80.0, 0.0, -60.0, 60.0, 0.0, 255, 0, 0
L -60.0, 60.0, 0.0, -60.0, 40.0, 0.0, 255, 0, 0
L -40.0, 60.0, 0.0, -60.0, 60.0, 0.0, 255, 0, 0
L -60.0, 60.0, 0.0, -80.0, 60.0, 0.0, 255, 0, 0
L 100.0, -60.0, 0.0, 120.0, -60.0, 0.0, 255, 0, 0
L 120.0, -60.0, 0.0, 140.0, -60.0, 0.0, 255, 0, 0
L 90.0, -50.0, 0.0, 80.0, -30.0, 0.0, 255, 0, 0
L 60.0, -80.0, 0.0, 60.0, -60.0, 0.0, 255, 0, 0
L 60.0, -60.0, 0.0, 60.0, -40.0, 0.0, 255, 0, 0
L 40.0, -60.0, 0.0, 60.0, -60.0, 0.0, 255, 0, 0
L 60.0, -60.0, 0.0, 80.0, -60.0, 0.0, 255, 0, 0
L 599.0, -90.0, 0.0, 637.3, -90.0, 0.0, 255, 0, 0
L 599.0, -20.0, 0.0, 637.3, -20.0, 0.0, 255, 0, 0
L 599.0, -90.0, 0.0, 599.0, -20.0, 0.0, 255, 0, 0
L 637.3, -90.0, 0.0, 637.3, -20.0, 0.0, 255, 0, 0
L 500, 700, 0, 500, 760, 0, 0, 0, 0
L 540, 760, 0, 500, 760, 0, 0, 0, 0
L 560, 730, 0, 590, 730, 0, 0, 0, 0
L 560, 760, 0, 590, 760, 0, 0, 0, 0
L 560, 700, 0, 560, 760, 0, 0, 0, 0
L 590, 700, 0, 560, 700, 0, 0, 0, 0
L 640, 760, 0, 610, 760, 0, 0, 0, 0
L 610, 700, 0, 640, 700, 0, 0, 0, 0
L 610, 760, 0, 610, 700, 0, 0, 0, 0
L 640, 760, 0, 640, 730, 0, 0, 0, 0
L 640, 730, 0, 620, 730, 0, 0, 0, 0
L 660, 730, 0, 690, 730, 0, 0, 0, 0
L 660, 760, 0, 690, 760, 0, 0, 0, 0
L 660, 700, 0, 660, 760, 0, 0, 0, 0
L 690, 700, 0, 660, 700, 0, 0, 0, 0
L 740, 760, 0, 740, 700, 0, 0, 0, 0
L 710, 700, 0, 740, 760, 0, 0, 0, 0
L 710, 760, 0, 710, 700, 0, 0, 0, 0
L 770, 760, 0, 770, 700, 0, 0, 0, 0
L 780, 760, 0, 760, 760, 0, 0, 0, 0
L 790, 730, 0, 780, 760, 0, 0, 0, 0
L 780, 700, 0, 790, 730, 0, 0, 0, 0
L 760, 700, 0, 780, 700, 0, 0, 0, 0
L 500, 910, 0, 560, 910, 0, 0, 0, 0
L 500, 830, 0, 560, 830, 0, 0, 0, 0
L 530, 883, 0, 530, 857, 0, 205, 133, 63
L 560, 910, 0, 620, 910, 0, 0, 0, 0
L 560, 910, 0, 560, 883, 0, 205, 133, 63
L 530, 883, 0, 590, 883, 0, 205, 133, 63
L 530, 857, 0, 560, 857, 0, 205, 133, 63
L 560, 857, 0, 590, 857, 0, 205, 133, 63
L 560, 830, 0, 620, 830, 0, 0, 0, 0
L 560, 857, 0, 560, 830, 0, 205, 133, 63
L 590, 883, 0, 590, 857, 0, 205, 133, 63
L 670, 900, 0, 670, 840, 0, 0, 0, 0
L 680, 900, 0, 660, 900, 0, 0, 0, 0
L 690, 870, 0, 680, 900, 0, 0, 0, 0
L 680, 840, 0, 690, 870, 0, 0, 0, 0
L 660, 840, 0, 680, 840, 0, 0, 0, 0
L 710, 840, 0, 740, 840, 0, 0, 0, 0
L 710, 900, 0, 740, 900, 0, 0, 0, 0
L 710, 840, 0, 710, 900, 0, 0, 0, 0
L 740, 840, 0, 740, 900, 0, 0, 0, 0
L 760, 840, 0, 790, 840, 0, 0, 0, 0
L 760, 900, 0, 790, 900, 0, 0, 0, 0
L 760, 840, 0, 760, 900, 0, 0, 0, 0
L 790, 840, 0, 790, 900, 0, 0, 0, 0
L 810, 840, 0, 810, 870, 0, 0, 0, 0
L 810, 870, 0, 810, 900, 0, 0, 0, 0
L 810, 870, 0, 830, 870, 0, 0, 0, 0
L 850, 870, 0, 850, 840, 0, 0, 0, 0
L 810, 840, 0, 850, 840, 0, 0, 0, 0
L 830, 870, 0, 850, 870, 0, 0, 0, 0
L 850, 900, 0, 830, 870, 0, 0, 0, 0
L 500, 950, 0, 500, 980, 0, 255, 210, 0
L 500, 950, 0, 520, 950, 0, 255, 210, 0
L 520, 1010, 0, 500, 1010, 0, 255, 210, 0
L 500, 980, 0, 500, 1010, 0, 255, 210, 0
L 520, 980, 0, 500, 980, 0, 255, 210, 0
L 520, 980, 0, 540, 965, 0, 255, 210, 0
L 520, 950, 0, 540, 965, 0, 255, 210, 0
L 520, 980, 0, 540, 995, 0, 255, 210, 0
L 540, 995, 0, 520, 1010, 0, 255, 210, 0
L 570, 980, 0, 590, 980, 0, 255, 210, 0
L 580, 950, 0, 600, 1010, 0, 255, 210, 0
L 560, 1010, 0, 580, 950, 0, 255, 210, 0
L 650, 1010, 0, 650, 950, 0, 255, 210, 0
L 620, 950, 0, 650, 1010, 0, 255, 210, 0
L 620, 1010, 0, 620, 950, 0, 255, 210, 0
L 670, 950, 0, 670, 980, 0, 255, 210, 0
L 670, 980, 0, 670, 1010, 0, 255, 210, 0
L 670, 980, 0, 710, 1010, 0, 255, 210, 0
L 670, 980, 0, 710, 950, 0, 255, 210, 0
L 730, 980, 0, 760, 980, 0, 255, 210, 0
L 730, 1010, 0, 760, 1010, 0, 255, 210, 0
L 730, 950, 0, 730, 1010, 0, 255, 210, 0
L 760, 950, 0, 730, 950, 0, 255, 210, 0
L 780, 950, 0, 780, 980, 0, 255, 210, 0
L 780, 980, 0, 780, 1010, 0, 255, 210, 0
L 780, 980, 0, 800, 980, 0, 255, 210, 0
L 820, 980, 0, 820, 950, 0, 255, 210, 0
L 780, 950, 0, 820, 950, 0, 255, 210, 0
L 800, 980, 0, 820, 980, 0, 255, 210, 0
L 820, 1010, 0, 800, 980, 0, 255, 210, 0
L 530, 1100, 0, 500, 1100, 0, 255, 255, 255
L 500, 1040, 0, 530, 1040, 0, 255, 255, 255
L 500, 1100, 0, 500, 1040, 0, 255, 255, 255
L 550, 1040, 0, 580, 1040, 0, 255, 255, 255
L 550, 1100, 0, 580, 1100, 0, 255, 255, 255
L 550, 1040, 0, 550, 1100, 0, 255, 255, 255
L 580, 1040, 0, 580, 1100, 0, 255, 255, 255
L 640, 1040, 0, 640, 1100, 0, 255, 255, 255
L 620, 1070, 0, 640, 1040, 0, 255, 255, 255
L 600, 1040, 0, 620, 1070, 0, 255, 255, 255
L 600, 1100, 0, 600, 1040, 0, 255, 255, 255
L 700, 1040, 0, 700, 1100, 0, 255, 255, 255
L 680, 1070, 0, 700, 1040, 0, 255, 255, 255
L 660, 1040, 0, 680, 1070, 0, 255, 255, 255
L 660, 1100, 0, 660, 1040, 0, 255, 255, 255
L 720, 1070, 0, 750, 1070, 0, 255, 255, 255
L 720, 1100, 0, 750, 1100, 0, 255, 255, 255
L 720, 1040, 0, 720, 1100, 0, 255, 255, 255
L 750, 1040, 0, 720, 1040, 0, 255, 255, 255
L 800, 1100, 0, 800, 1040, 0, 255, 255, 255
L 770, 1040, 0, 800, 1100, 0, 255, 255, 255
L 770, 1100, 0, 770, 1040, 0, 255, 255, 255
L 840, 1040, 0, 840, 1100, 0, 255, 255, 255
L 820, 1040, 0, 860, 1040, 0, 255, 255, 255
L 530, 1190, 0, 500, 1190, 0, 0, 0, 0
L 500, 1130, 0, 530, 1130, 0, 0, 0, 0
L 500, 1190, 0, 500, 1130, 0, 0, 0, 0
L 530, 1190, 0, 530, 1160, 0, 0, 0, 0
L 530, 1160, 0, 510, 1160, 0, 0, 0, 0
L 550, 1160, 0, 580, 1160, 0, 0, 0, 0
L 550, 1190, 0, 580, 1190, 0, 0, 0, 0
L 550, 1130, 0, 550, 1190, 0, 0, 0, 0
L 580, 1130, 0, 550, 1130, 0, 0, 0, 0
L 630, 1190, 0, 630, 1130, 0, 0, 0, 0
L 600, 1130, 0, 630, 1190, 0, 0, 0, 0
L 600, 1190, 0, 600, 1130, 0, 0, 0, 0
L 650, 1160, 0, 680, 1160, 0, 0, 0, 0
L 650, 1190, 0, 680, 1190, 0, 0, 0, 0
L 650, 1130, 0, 650, 1190, 0, 0, 0, 0
L 680, 1130, 0, 650, 1130, 0, 0, 0, 0
L 700, 1130, 0, 700, 1160, 0, 0, 0, 0
L 700, 1160, 0, 700, 1190, 0, 0, 0, 0
L 700, 1160, 0, 720, 1160, 0, 0, 0, 0
L 740, 1160, 0, 740, 1130, 0, 0, 0, 0
L 700, 1130, 0, 740, 1130, 0, 0, 0, 0
L 720, 1160, 0, 740, 1160, 0, 0, 0, 0
L 740, 1190, 0, 720, 1160, 0, 0, 0, 0
L 770, 1160, 0, 790, 1160, 0, 0, 0, 0
L 780, 1130, 0, 800, 1190, 0, 0, 0, 0
L 760, 1190, 0, 780, 1130, 0, 0, 0, 0
L 820, 1130, 0, 820, 1190, 0, 0, 0, 0
L 860, 1190, 0, 820, 1190, 0, 0, 0, 0
L 530, 1280, 0, 500, 1280, 0, 0, 0, 255
L 500, 1220, 0, 530, 1220, 0, 0, 0, 255
L 500, 1280, 0, 500, 1220, 0, 0, 0, 255
L 530, 1280, 0, 530, 1250, 0, 0, 0, 255
L 530, 1250, 0, 510, 1250, 0, 0, 0, 255
L 550, 1220, 0, 550, 1250, 0, 0, 0, 255
L 550, 1250, 0, 550, 1280, 0, 0, 0, 255
L 550, 1250, 0, 570, 1250, 0, 0, 0, 255
L 590, 1250, 0, 590, 1220, 0, 0, 0, 255
L 550, 1220, 0, 590, 1220, 0, 0, 0, 255
L 570, 1250, 0, 590, 1250, 0, 0, 0, 255
L 590, 1280, 0, 570, 1250, 0, 0, 0, 255
L 610, 1220, 0, 640, 1220, 0, 0, 0, 255
L 610, 1280, 0, 640, 1280, 0, 0, 0, 255
L 610, 1220, 0, 610, 1280, 0, 0, 0, 255
L 640, 1220, 0, 640, 1280, 0, 0, 0, 255
L 700, 1220, 0, 700, 1280, 0, 0, 0, 255
L 660, 1220, 0, 660, 1280, 0, 0, 0, 255
L 660, 1280, 0, 700, 1280, 0, 0, 0, 255
L 750, 1280, 0, 750, 1220, 0, 0, 0, 255
L 720, 1220, 0, 750, 1280, 0, 0, 0, 255
L 720, 1280, 0, 720, 1220, 0, 0, 0, 255
L 780, 1280, 0, 780, 1220, 0, 0, 0, 255
L 790, 1280, 0, 770, 1280, 0, 0, 0, 255
L 800, 1250, 0, 790, 1280, 0, 0, 0, 255
L 790, 1220, 0, 800, 1250, 0, 0, 0, 255
L 770, 1220, 0, 790, 1220, 0, 0, 0, 255
L 880, 1220, 0, 880, 1250, 0, 0, 0, 255
L 880, 1280, 0, 920, 1280, 0, 0, 0, 255
L 920, 1250, 0, 880, 1250, 0, 0, 0, 255
L 880, 1220, 0, 920, 1220, 0, 0, 0, 255
L 920, 1250, 0, 920, 1280, 0, 0, 0, 255
L 970, 1250, 0, 940, 1250, 0, 0, 0, 255
L 970, 1220, 0, 970, 1250, 0, 0, 0, 255
L 940, 1220, 0, 970, 1220, 0, 0, 0, 255
L 940, 1280, 0, 940, 1220, 0, 0, 0, 255
L 1000, 1250, 0, 1020, 1250, 0, 0, 0, 255
L 1010, 1220, 0, 1030, 1280, 0, 0, 0, 255
L 990, 1280, 0, 1010, 1220, 0, 0, 0, 255
L 1080, 1280, 0, 1090, 1220, 0, 0, 0, 255
L 1070, 1250, 0, 1080, 1280, 0, 0, 0, 255
L 1060, 1280, 0, 1070, 1250, 0, 0, 0, 255
L 1050, 1220, 0, 1060, 1280, 0, 0, 0, 255
L 1140, 1280, 0, 1140, 1220, 0, 0, 0, 255
L 1110, 1220, 0, 1140, 1280, 0, 0, 0, 255
L 1110, 1280, 0, 1110, 1220, 0, 0, 0, 255
L 530, 1370, 0, 500, 1370, 0, 128, 128, 128
L 500, 1310, 0, 530, 1310, 0, 128, 128, 128
L 500, 1370, 0, 500, 1310, 0, 128, 128, 128
L 530, 1370, 0, 530, 1340, 0, 128, 128, 128
L 530, 1340, 0, 510, 1340, 0, 128, 128, 128
L 590, 1310, 0, 590, 1370, 0, 128, 128, 128
L 550, 1310, 0, 550, 1370, 0, 128, 128, 128
L 550, 1370, 0, 590, 1370, 0, 128, 128, 128
L 610, 1310, 0, 610, 1370, 0, 128, 128, 128
L 630, 1310, 0, 630, 1370, 0, 128, 128, 128
L 670, 1370, 0, 630, 1370, 0, 128, 128, 128
L 700, 1370, 0, 700, 1310, 0, 128, 128, 128
L 710, 1370, 0, 690, 1370, 0, 128, 128, 128
L 720, 1340, 0, 710, 1370, 0, 128, 128, 128
L 710, 1310, 0, 720, 1340, 0, 128, 128, 128
L 690, 1310, 0, 710, 1310, 0, 128, 128, 128
L 840, 1310, 0, 840, 1370, 0, 128, 128, 128
L 820, 1340, 0, 840, 1310, 0, 128, 128, 128
L 800, 1310, 0, 820, 1340, 0, 128, 128, 128
L 800, 1370, 0, 800, 1310, 0, 128, 128, 128
L 870, 1340, 0, 890, 1340, 0, 128, 128, 128
L 880, 1310, 0, 900, 1370, 0, 128, 128, 128
L 860, 1370, 0, 880, 1310, 0, 128, 128, 128
L 920, 1310, 0, 920, 1340, 0, 128, 128, 128
L 920, 1370, 0, 960, 1370, 0, 128, 128, 128
L 960, 1340, 0, 920, 1340, 0, 128, 128, 128
L 920, 1310, 0, 960, 1310, 0, 128, 128, 128
L 960, 1340, 0, 960, 1370, 0, 128, 128, 128
L 1000, 1310, 0, 1000, 1370, 0, 128, 128, 128
L 980, 1310, 0, 1020, 1310, 0, 128, 128, 128
L 1040, 1340, 0, 1070, 1340, 0, 128, 128, 128
L 1040, 1370, 0, 1070, 1370, 0, 128, 128, 128
L 1040, 1310, 0, 1040, 1370, 0, 128, 128, 128
L 1070, 1310, 0, 1040, 1310, 0, 128, 128, 128
L 1090, 1310, 0, 1090, 1340, 0, 128, 128, 128
L 1090, 1340, 0, 1090, 1370, 0, 128, 128, 128
L 1090, 1340, 0, 1110, 1340, 0, 128, 128, 128
L 1130, 1340, 0, 1130, 1310, 0, 128, 128, 128
L 1090, 1310, 0, 1130, 1310, 0, 128, 128, 128
L 1110, 1340, 0, 1130, 1340, 0, 128, 128, 128
L 1130, 1370, 0, 1110, 1340, 0, 128, 128, 128
L 500, 1400, 0, 500, 1430, 0, 127, 64, 0
L 540, 1460, 0, 540, 1430, 0, 127, 64, 0
L 500, 1430, 0, 500, 1460, 0, 127, 64, 0
L 540, 1430, 0, 540, 1400, 0, 127, 64, 0
L 500, 1430, 0, 540, 1430, 0, 127, 64, 0
L 600, 1400, 0, 600, 1460, 0, 127, 64, 0
L 560, 1400, 0, 560, 1460, 0, 127, 64, 0
L 560, 1460, 0, 600, 1460, 0, 127, 64, 0
L 650, 1460, 0, 650, 1400, 0, 127, 64, 0
L 620, 1400, 0, 650, 1460, 0, 127, 64, 0
L 620, 1460, 0, 620, 1400, 0, 127, 64, 0
L 690, 1400, 0, 690, 1460, 0, 127, 64, 0
L 670, 1400, 0, 710, 1400, 0, 127, 64, 0
L 730, 1430, 0, 760, 1430, 0, 127, 64, 0
L 730, 1460, 0, 760, 1460, 0, 127, 64, 0
L 730, 1400, 0, 730, 1460, 0, 127, 64, 0
L 760, 1400, 0, 730, 1400, 0, 127, 64, 0
L 780, 1400, 0, 780, 1430, 0, 127, 64, 0
L 780, 1430, 0, 780, 1460, 0, 127, 64, 0
L 780, 1430, 0, 800, 1430, 0, 127, 64, 0
L 820, 1430, 0, 820, 1400, 0, 127, 64, 0
L 780, 1400, 0, 820, 1400, 0, 127, 64, 0
L 800, 1430, 0, 820, 1430, 0, 127, 64, 0
L 820, 1460, 0, 800, 1430, 0, 127, 64, 0
L 540, 1490, 0, 540, 1550, 0, 0, 127, 0
L 520, 1520, 0, 540, 1490, 0, 0, 127, 0
L 500, 1490, 0, 520, 1520, 0, 0, 127, 0
L 500, 1550, 0, 500, 1490, 0, 0, 127, 0
L 560, 1520, 0, 590, 1520, 0, 0, 127, 0
L 560, 1550, 0, 590, 1550, 0, 0, 127, 0
L 560, 1490, 0, 560, 1550, 0, 0, 127, 0
L 590, 1490, 0, 560, 1490, 0, 0, 127, 0
L 610, 1490, 0, 610, 1520, 0, 0, 127, 0
L 610, 1520, 0, 610, 1550, 0, 0, 127, 0
L 610, 1520, 0, 630, 1520, 0, 0, 127, 0
L 650, 1520, 0, 650, 1490, 0, 0, 127, 0
L 610, 1490, 0, 650, 1490, 0, 0, 127, 0
L 630, 1520, 0, 650, 1520, 0, 0, 127, 0
L 650, 1550, 0, 630, 1520, 0, 0, 127, 0
L 700, 1550, 0, 670, 1550, 0, 0, 127, 0
L 670, 1490, 0, 700, 1490, 0, 0, 127, 0
L 670, 1550, 0, 670, 1490, 0, 0, 127, 0
L 720, 1490, 0, 720, 1520, 0, 0, 127, 0
L 760, 1550, 0, 760, 1520, 0, 0, 127, 0
L 720, 1520, 0, 720, 1550, 0, 0, 127, 0
L 760, 1520, 0, 760, 1490, 0, 0, 127, 0
L 720, 1520, 0, 760, 1520, 0, 0, 127, 0
L 790, 1520, 0, 810, 1520, 0, 0, 127, 0
L 800, 1490, 0, 820, 1550, 0, 0, 127, 0
L 780, 1550, 0, 800, 1490, 0, 0, 127, 0
L 870, 1550, 0, 870, 1490, 0, 0, 127, 0
L 840, 1490, 0, 870, 1550, 0, 0, 127, 0
L 840, 1550, 0, 840, 1490, 0, 0, 127, 0
L 910, 1490, 0, 910, 1550, 0, 0, 127, 0
L 890, 1490, 0, 930, 1490, 0, 0, 127, 0
L 540, 1580, 0, 540, 1640, 0, 0, 127, 127
L 520, 1610, 0, 540, 1580, 0, 0, 127, 127
L 500, 1580, 0, 520, 1610, 0, 0, 127, 127
L 500, 1640, 0, 500, 1580, 0, 0, 127, 127
L 560, 1580, 0, 560, 1640, 0, 0, 127, 127
L 580, 1580, 0, 580, 1610, 0, 0, 127, 127
L 580, 1640, 0, 620, 1640, 0, 0, 127, 127
L 620, 1610, 0, 580, 1610, 0, 0, 127, 127
L 580, 1580, 0, 620, 1580, 0, 0, 127, 127
L 620, 1610, 0, 620, 1640, 0, 0, 127, 127
L 640, 1580, 0, 640, 1610, 0, 0, 127, 127
L 640, 1640, 0, 680, 1640, 0, 0, 127, 127
L 680, 1610, 0, 640, 1610, 0, 0, 127, 127
L 640, 1580, 0, 680, 1580, 0, 0, 127, 127
L 680, 1610, 0, 680, 1640, 0, 0, 127, 127
L 700, 1580, 0, 700, 1640, 0, 0, 127, 127
L 720, 1580, 0, 750, 1580, 0, 0, 127, 127
L 720, 1640, 0, 750, 1640, 0, 0, 127, 127
L 720, 1580, 0, 720, 1640, 0, 0, 127, 127
L 750, 1580, 0, 750, 1640, 0, 0, 127, 127
L 800, 1640, 0, 800, 1580, 0, 0, 127, 127
L 770, 1580, 0, 800, 1640, 0, 0, 127, 127
L 770, 1640, 0, 770, 1580, 0, 0, 127, 127
L 530, 1730, 0, 530, 1670, 0, 127, 64, 0
L 500, 1670, 0, 530, 1730, 0, 127, 64, 0
L 500, 1730, 0, 500, 1670, 0, 127, 64, 0
L 560, 1700, 0, 580, 1700, 0, 127, 64, 0
L 570, 1670, 0, 590, 1730, 0, 127, 64, 0
L 550, 1730, 0, 570, 1670, 0, 127, 64, 0
L 650, 1670, 0, 650, 1730, 0, 127, 64, 0
L 630, 1700, 0, 650, 1670, 0, 127, 64, 0
L 610, 1670, 0, 630, 1700, 0, 127, 64, 0
L 610, 1730, 0, 610, 1670, 0, 127, 64, 0
L 670, 1700, 0, 700, 1700, 0, 127, 64, 0
L 670, 1730, 0, 700, 1730, 0, 127, 64, 0
L 670, 1670, 0, 670, 1730, 0, 127, 64, 0
L 700, 1670, 0, 670, 1670, 0, 127, 64, 0
L 730, 1730, 0, 730, 1670, 0, 127, 64, 0
L 740, 1730, 0, 720, 1730, 0, 127, 64, 0
L 750, 1700, 0, 740, 1730, 0, 127, 64, 0
L 740, 1670, 0, 750, 1700, 0, 127, 64, 0
L 720, 1670, 0, 740, 1670, 0, 127, 64, 0
L 530, 1790, 0, 500, 1790, 0, 0, 255, 0
L 530, 1760, 0, 530, 1790, 0, 0, 255, 0
L 500, 1760, 0, 530, 1760, 0, 0, 255, 0
L 500, 1820, 0, 500, 1760, 0, 0, 255, 0
L 560, 1790, 0, 580, 1790, 0, 0, 255, 0
L 570, 1760, 0, 590, 1820, 0, 0, 255, 0
L 550, 1820, 0, 570, 1760, 0, 0, 255, 0
L 610, 1760, 0, 610, 1790, 0, 0, 255, 0
L 610, 1790, 0, 610, 1820, 0, 0, 255, 0
L 610, 1790, 0, 630, 1790, 0, 0, 255, 0
L 650, 1790, 0, 650, 1760, 0, 0, 255, 0
L 610, 1760, 0, 650, 1760, 0, 0, 255, 0
L 630, 1790, 0, 650, 1790, 0, 0, 255, 0
L 650, 1820, 0, 630, 1790, 0, 0, 255, 0
L 700, 1820, 0, 670, 1820, 0, 0, 255, 0
L 670, 1760, 0, 700, 1760, 0, 0, 255, 0
L 670, 1820, 0, 670, 1760, 0, 0, 255, 0
L 720, 1790, 0, 750, 1790, 0, 0, 255, 0
L 720, 1820, 0, 750, 1820, 0, 0, 255, 0
L 720, 1760, 0, 720, 1820, 0, 0, 255, 0
L 750, 1760, 0, 720, 1760, 0, 0, 255, 0
L 770, 1760, 0, 770, 1820, 0, 0, 255, 0
L 810, 1820, 0, 770, 1820, 0, 0, 255, 0
L 830, 1760, 0, 830, 1790, 0, 0, 255, 0
L 830, 1820, 0, 870, 1820, 0, 0, 255, 0
L 870, 1790, 0, 830, 1790, 0, 0, 255, 0
L 830, 1760, 0, 870, 1760, 0, 0, 255, 0
L 870, 1790, 0, 870, 1820, 0, 0, 255, 0
L 500, 1850, 0, 500, 1880, 0, 0, 240, 240
L 500, 1880, 0, 500, 1910, 0, 0, 240, 240
L 500, 1880, 0, 520, 1880, 0, 0, 240, 240
L 540, 1880, 0, 540, 1850, 0, 0, 240, 240
L 500, 1850, 0, 540, 1850, 0, 0, 240, 240
L 520, 1880, 0, 540, 1880, 0, 0, 240, 240
L 540, 1910, 0, 520, 1880, 0, 0, 240, 240
L 570, 1880, 0, 590, 1880, 0, 0, 240, 240
L 580, 1850, 0, 600, 1910, 0, 0, 240, 240
L 560, 1910, 0, 580, 1850, 0, 0, 240, 240
L 620, 1850, 0, 620, 1910, 0, 0, 240, 240
L 650, 1910, 0, 650, 1850, 0, 0, 240, 240
L 660, 1910, 0, 640, 1910, 0, 0, 240, 240
L 670, 1880, 0, 660, 1910, 0, 0, 240, 240
L 660, 1850, 0, 670, 1880, 0, 0, 240, 240
L 640, 1850, 0, 660, 1850, 0, 0, 240, 240
L 500, 1940, 0, 500, 1970, 0, 0, 255, 0
L 500, 2000, 0, 540, 2000, 0, 0, 255, 0
L 540, 1970, 0, 500, 1970, 0, 0, 255, 0
L 500, 1940, 0, 540, 1940, 0, 0, 255, 0
L 540, 1970, 0, 540, 2000, 0, 0, 255, 0
L 590, 1970, 0, 560, 1970, 0, 0, 255, 0
L 590, 1940, 0, 590, 1970, 0, 0, 255, 0
L 560, 1940, 0, 590, 1940, 0, 0, 255, 0
L 560, 2000, 0, 560, 1940, 0, 0, 255, 0
L 610, 1970, 0, 640, 1970, 0, 0, 255, 0
L 610, 2000, 0, 640, 2000, 0, 0, 255, 0
L 610, 1940, 0, 610, 2000, 0, 0, 255, 0
L 640, 1940, 0, 610, 1940, 0, 0, 255, 0
L 690, 2000, 0, 660, 2000, 0, 0, 255, 0
L 660, 1940, 0, 690, 1940, 0, 0, 255, 0
L 660, 2000, 0, 660, 1940, 0, 0, 255, 0
L 710, 1940, 0, 710, 2000, 0, 0, 255, 0
L 740, 1970, 0, 760, 1970, 0, 0, 255, 0
L 750, 1940, 0, 770, 2000, 0, 0, 255, 0
L 730, 2000, 0, 750, 1940, 0, 0, 255, 0
L 790, 1940, 0, 790, 2000, 0, 0, 255, 0
L 830, 2000, 0, 790, 2000, 0, 0, 255, 0
L 940, 2000, 0, 910, 2000, 0, 0, 255, 0
L 910, 1940, 0, 940, 1940, 0, 0, 255, 0
L 910, 2000, 0, 910, 1940, 0, 0, 255, 0
L 1000, 1940, 0, 1000, 2000, 0, 0, 255, 0
L 960, 1940, 0, 960, 2000, 0, 0, 255, 0
L 960, 2000, 0, 1000, 2000, 0, 0, 255, 0
L 1020, 1940, 0, 1020, 1970, 0, 0, 255, 0
L 1020, 1970, 0, 1020, 2000, 0, 0, 255, 0
L 1020, 1970, 0, 1040, 1970, 0, 0, 255, 0
L 1060, 1970, 0, 1060, 1940, 0, 0, 255, 0
L 1020, 1940, 0, 1060, 1940, 0, 0, 255, 0
L 1040, 1970, 0, 1060, 1970, 0, 0, 255, 0
L 1060, 2000, 0, 1040, 1970, 0, 0, 255, 0
L 1080, 1940, 0, 1080, 1970, 0, 0, 255, 0
L 1080, 1970, 0, 1080, 2000, 0, 0, 255, 0
L 1080, 1970, 0, 1100, 1970, 0, 0, 255, 0
L 1120, 1970, 0, 1120, 1940, 0, 0, 255, 0
L 1080, 1940, 0, 1120, 1940, 0, 0, 255, 0
L 1100, 1970, 0, 1120, 1970, 0, 0, 255, 0
L 1120, 2000, 0, 1100, 1970, 0, 0, 255, 0
L 1140, 1970, 0, 1170, 1970, 0, 0, 255, 0
L 1140, 2000, 0, 1170, 2000, 0, 0, 255, 0
L 1140, 1940, 0, 1140, 2000, 0, 0, 255, 0
L 1170, 1940, 0, 1140, 1940, 0, 0, 255, 0
L 1220, 2000, 0, 1220, 1940, 0, 0, 255, 0
L 1190, 1940, 0, 1220, 2000, 0, 0, 255, 0
L 1190, 2000, 0, 1190, 1940, 0, 0, 255, 0
L 1270, 2000, 0, 1240, 2000, 0, 0, 255, 0
L 1240, 1940, 0, 1270, 1940, 0, 0, 255, 0
L 1240, 2000, 0, 1240, 1940, 0, 0, 255, 0
L 1310, 1970, 0, 1310, 2000, 0, 0, 255, 0
L 1310, 1970, 0, 1330, 1940, 0, 0, 255, 0
L 1290, 1940, 0, 1310, 1970, 0, 0, 255, 0
L 500, 2030, 0, 500, 2060, 0, 255, 0, 0
L 500, 2090, 0, 540, 2090, 0, 255, 0, 0
L 540, 2060, 0, 500, 2060, 0, 255, 0, 0
L 500, 2030, 0, 540, 2030, 0, 255, 0, 0
L 540, 2060, 0, 540, 2090, 0, 255, 0, 0
L 600, 2030, 0, 600, 2090, 0, 255, 0, 0
L 560, 2030, 0, 560, 2090, 0, 255, 0, 0
L 560, 2090, 0, 600, 2090, 0, 255, 0, 0
L 650, 2090, 0, 620, 2090, 0, 255, 0, 0
L 620, 2030, 0, 650, 2030, 0, 255, 0, 0
L 620, 2090, 0, 620, 2030, 0, 255, 0, 0
L 700, 2090, 0, 670, 2090, 0, 255, 0, 0
L 670, 2030, 0, 700, 2030, 0, 255, 0, 0
L 670, 2090, 0, 670, 2030, 0, 255, 0, 0
L 720, 2030, 0, 750, 2030, 0, 255, 0, 0
L 720, 2090, 0, 750, 2090, 0, 255, 0, 0
L 720, 2030, 0, 720, 2090, 0, 255, 0, 0
L 750, 2030, 0, 750, 2090, 0, 255, 0, 0
L 770, 2030, 0, 770, 2060, 0, 255, 0, 0
L 770, 2060, 0, 770, 2090, 0, 255, 0, 0
L 770, 2060, 0, 790, 2060, 0, 255, 0, 0
L 810, 2060, 0, 810, 2030, 0, 255, 0, 0
L 770, 2030, 0, 810, 2030, 0, 255, 0, 0
L 790, 2060, 0, 810, 2060, 0, 255, 0, 0
L 810, 2090, 0, 790, 2060, 0, 255, 0, 0
L 520, 2120, 0, 520, 2180, 0, 255, 255, 0
L 500, 2120, 0, 540, 2120, 0, 255, 255, 0
L 560, 2150, 0, 590, 2150, 0, 255, 255, 0
L 560, 2180, 0, 590, 2180, 0, 255, 255, 0
L 560, 2120, 0, 560, 2180, 0, 255, 255, 0
L 590, 2120, 0, 560, 2120, 0, 255, 255, 0
L 610, 2120, 0, 610, 2180, 0, 255, 255, 0
L 650, 2180, 0, 610, 2180, 0, 255, 255, 0
L 670, 2150, 0, 700, 2150, 0, 255, 255, 0
L 670, 2180, 0, 700, 2180, 0, 255, 255, 0
L 670, 2120, 0, 670, 2180, 0, 255, 255, 0
L 700, 2120, 0, 670, 2120, 0, 255, 255, 0
L 750, 2150, 0, 720, 2150, 0, 255, 255, 0
L 750, 2120, 0, 750, 2150, 0, 255, 255, 0
L 720, 2120, 0, 750, 2120, 0, 255, 255, 0
L 720, 2180, 0, 720, 2120, 0, 255, 255, 0
L 770, 2120, 0, 800, 2120, 0, 255, 255, 0
L 770, 2180, 0, 800, 2180, 0, 255, 255, 0
L 770, 2120, 0, 770, 2180, 0, 255, 255, 0
L 800, 2120, 0, 800, 2180, 0, 255, 255, 0
L 820, 2120, 0, 820, 2150, 0, 255, 255, 0
L 820, 2150, 0, 820, 2180, 0, 255, 255, 0
L 820, 2150, 0, 840, 2150, 0, 255, 255, 0
L 860, 2150, 0, 860, 2120, 0, 255, 255, 0
L 820, 2120, 0, 860, 2120, 0, 255, 255, 0
L 840, 2150, 0, 860, 2150, 0, 255, 255, 0
L 860, 2180, 0, 840, 2150, 0, 255, 255, 0
L 900, 2120, 0, 900, 2180, 0, 255, 255, 0
L 880, 2120, 0, 920, 2120, 0, 255, 255, 0
L 520, 2210, 0, 520, 2270, 0, 128, 0, 128
L 500, 2210, 0, 540, 2210, 0, 128, 0, 128
L 560, 2210, 0, 560, 2240, 0, 128, 0, 128
L 560, 2240, 0, 560, 2270, 0, 128, 0, 128
L 560, 2240, 0, 580, 2240, 0, 128, 0, 128
L 600, 2240, 0, 600, 2210, 0, 128, 0, 128
L 560, 2210, 0, 600, 2210, 0, 128, 0, 128
L 580, 2240, 0, 600, 2240, 0, 128, 0, 128
L 600, 2270, 0, 580, 2240, 0, 128, 0, 128
L 630, 2240, 0, 650, 2240, 0, 128, 0, 128
L 640, 2210, 0, 660, 2270, 0, 128, 0, 128
L 620, 2270, 0, 640, 2210, 0, 128, 0, 128
L 690, 2270, 0, 690, 2210, 0, 128, 0, 128
L 700, 2270, 0, 680, 2270, 0, 128, 0, 128
L 710, 2240, 0, 700, 2270, 0, 128, 0, 128
L 700, 2210, 0, 710, 2240, 0, 128, 0, 128
L 680, 2210, 0, 700, 2210, 0, 128, 0, 128
L 730, 2240, 0, 760, 2240, 0, 128, 0, 128
L 730, 2270, 0, 760, 2270, 0, 128, 0, 128
L 730, 2210, 0, 730, 2270, 0, 128, 0, 128
L 760, 2210, 0, 730, 2210, 0, 128, 0, 128
L 780, 2210, 0, 780, 2240, 0, 128, 0, 128
L 780, 2270, 0, 820, 2270, 0, 128, 0, 128
L 820, 2240, 0, 780, 2240, 0, 128, 0, 128
L 780, 2210, 0, 820, 2210, 0, 128, 0, 128
L 820, 2240, 0, 820, 2270, 0, 128, 0, 128
L 840, 2210, 0, 840, 2240, 0, 128, 0, 128
L 840, 2240, 0, 840, 2270, 0, 128, 0, 128
L 840, 2240, 0, 880, 2270, 0, 128, 0, 128
L 840, 2240, 0, 880, 2210, 0, 128, 0, 128
L 900, 2210, 0, 900, 2270, 0, 128, 0, 128
L 920, 2210, 0, 920, 2270, 0, 128, 0, 128
L 960, 2270, 0, 920, 2270, 0, 128, 0, 128
L 980, 2210, 0, 980, 2270, 0, 128, 0, 128
L 1020, 2270, 0, 980, 2270, 0, 128, 0, 128
L 1130, 2270, 0, 1100, 2270, 0, 128, 0, 128
L 1100, 2210, 0, 1130, 2210, 0, 128, 0, 128
L 1100, 2270, 0, 1100, 2210, 0, 128, 0, 128
L 1150, 2210, 0, 1180, 2210, 0, 128, 0, 128
L 1150, 2270, 0, 1180, 2270, 0, 128, 0, 128
L 1150, 2210, 0, 1150, 2270, 0, 128, 0, 128
L 1180, 2210, 0, 1180, 2270, 0, 128, 0, 128
L 1230, 2270, 0, 1230, 2210, 0, 128, 0, 128
L 1200, 2210, 0, 1230, 2270, 0, 128, 0, 128
L 1200, 2270, 0, 1200, 2210, 0, 128, 0, 128
L 1270, 2210, 0, 1270, 2270, 0, 128, 0, 128
L 1250, 2210, 0, 1290, 2210, 0, 128, 0, 128
L 1320, 2240, 0, 1340, 2240, 0, 128, 0, 128
L 1330, 2210, 0, 1350, 2270, 0, 128, 0, 128
L 1310, 2270, 0, 1330, 2210, 0, 128, 0, 128
L 1370, 2210, 0, 1370, 2270, 0, 128, 0, 128
L 1420, 2270, 0, 1420, 2210, 0, 128, 0, 128
L 1390, 2210, 0, 1420, 2270, 0, 128, 0, 128
L 1390, 2270, 0, 1390, 2210, 0, 128, 0, 128
L 1440, 2240, 0, 1470, 2240, 0, 128, 0, 128
L 1440, 2270, 0, 1470, 2270, 0, 128, 0, 128
L 1440, 2210, 0, 1440, 2270, 0, 128, 0, 128
L 1470, 2210, 0, 1440, 2210, 0, 128, 0, 128
L 1490, 2210, 0, 1490, 2240, 0, 128, 0, 128
L 1490, 2240, 0, 1490, 2270, 0, 128, 0, 128
L 1490, 2240, 0, 1510, 2240, 0, 128, 0, 128
L 1530, 2240, 0, 1530, 2210, 0, 128, 0, 128
L 1490, 2210, 0, 1530, 2210, 0, 128, 0, 128
L 1510, 2240, 0, 1530, 2240, 0, 128, 0, 128
L 1530, 2270, 0, 1510, 2240, 0, 128, 0, 128
L 520, 2300, 0, 520, 2360, 0, 255, 255, 0
L 500, 2300, 0, 540, 2300, 0, 255, 255, 0
L 560, 2300, 0, 560, 2330, 0, 255, 255, 0
L 560, 2330, 0, 560, 2360, 0, 255, 255, 0
L 560, 2330, 0, 580, 2330, 0, 255, 255, 0
L 600, 2330, 0, 600, 2300, 0, 255, 255, 0
L 560, 2300, 0, 600, 2300, 0, 255, 255, 0
L 580, 2330, 0, 600, 2330, 0, 255, 255, 0
L 600, 2360, 0, 580, 2330, 0, 255, 255, 0
L 630, 2330, 0, 650, 2330, 0, 255, 255, 0
L 640, 2300, 0, 660, 2360, 0, 255, 255, 0
L 620, 2360, 0, 640, 2300, 0, 255, 255, 0
L 710, 2330, 0, 680, 2330, 0, 255, 255, 0
L 710, 2300, 0, 710, 2330, 0, 255, 255, 0
L 680, 2300, 0, 710, 2300, 0, 255, 255, 0
L 680, 2360, 0, 680, 2300, 0, 255, 255, 0
L 530, 2390, 0, 500, 2390, 0, 255, 0, 0
L 500, 2450, 0, 530, 2390, 0, 255, 0, 0
L 500, 2450, 0, 530, 2450, 0, 255, 0, 0
L 550, 2390, 0, 580, 2390, 0, 255, 0, 0
L 550, 2450, 0, 580, 2450, 0, 255, 0, 0
L 550, 2390, 0, 550, 2450, 0, 255, 0, 0
L 580, 2390, 0, 580, 2450, 0, 255, 0, 0
L 630, 2450, 0, 630, 2390, 0, 255, 0, 0
L 600, 2390, 0, 630, 2450, 0, 255, 0, 0
L 600, 2450, 0, 600, 2390, 0, 255, 0, 0
L 650, 2420, 0, 680, 2420, 0, 255, 0, 0
L 650, 2450, 0, 680, 2450, 0, 255, 0, 0
L 650, 2390, 0, 650, 2450, 0, 255, 0, 0
L 680, 2390, 0, 650, 2390, 0, 255, 0, 0
P -500, 700, 0, 0, 0, 0, 2, Original_Map:_Goodurden_<RoI>
P -500, 900, 0, 0, 0, 0, 2, Revised_Map:_Brewall_Rainsiger_(Cazic-Thule)
P -500, 1100, 0, 0, 0, 0, 2, http://www.eqmaps.info
P -500, 1300, 0, 0, 0, 0, 2, Return_of_the_Exiled_(www.roteguild.org)
P -500, 1500, 0, 240, 240, 0, 2, A._Ancient_Insects_ground_spawn
P -500, 1700, 0, 0, 0, 0, 2, B._Sebilisian_Medallions_mob_drop
P -500, 1900, 0, 0, 0, 0, 2, C._Crypt_Dust_mob_drop
P -500, 2100, 0, 0, 0, 0, 2, D._Tomb_Tokens_mob_drop
P -500, 2300, 0, 127, 64, 0, 2, a_Kar'Zok_grave_robber_PH=a_Krellnakor_filcher,a_Fereth_appraiser
P -500, 2500, 0, 127, 64, 0, 2, a_Kar'Zok_infiltrator_PH=a_Krellnakor_enforcer,a_Wlthan_thief,_a_Krellnakor_scavenger,an_Arcron_lifter
P -500, 2700, 0, 127, 64, 0, 2, Arisen_Gloriant_Kra'du_PH=an_Arisen_steward,an_Elevated_skeleton
P -500, 2900, 0, 127, 64, 0, 2, Xalgoz_the_Arisen_PH=an_Arisen_ritualist,an_Exalted_spirit
