L 296.6089, -847.2435, 207.6877,  311.7193, -859.1262, 214.4984,  0, 0, 0
L 311.7193, -859.1262, 214.4984,  344.5368, -873.9383, 214.7020,  0, 0, 0
L 377.3803, -871.8282, 211.7853,  344.5368, -873.9383, 213.2889,  0, 0, 0
L 887.9325, -707.4559, 206.6941,  859.7794, -683.9664, 206.1840,  0, 0, 0
L 859.7794, -683.9664, 206.1840,  840.0143, -679.4556, 205.7769,  0, 0, 0
L 840.0143, -679.4556, 205.7767,  820.4760, -682.0851, 204.5094,  0, 0, 0
L 820.4760, -682.0851, 204.5094,  804.0057, -700.4612, 202.7240,  0, 0, 0
L 804.0057, -700.4612, 202.7227,  794.7479, -718.9202, 201.5191,  0, 0, 0
L 497.3595, -490.9608, 198.9184,  489.2912, -471.7525, 202.0605,  0, 0, 0
L 489.2912, -471.7525, 202.0605,  483.4542, -460.9706, 202.7748,  0, 0, 0
L 483.4542, -460.9706, 202.7748,  491.7742, -445.4636, 200.4839,  0, 0, 0
L 491.7742, -445.4636, 200.4839,  493.5602, -437.8934, 201.1366,  0, 0, 0
L 493.5602, -437.8934, 201.1366,  494.8299, -420.6690, 188.8266,  0, 0, 0
L 494.8299, -420.6690, 188.8266,  500.0650, -408.0247, 189.2634,  0, 0, 0
L 522.1688, 54.3963, 184.4938,  600.6943, 35.1304, 236.3880,  0, 0, 0
L 600.6943, 35.1304, 236.3876,  622.1696, -7.3287, 216.3821,  0, 0, 0
L -193.7134, -629.4340, 201.8450,  -208.7270, -680.5029, 233.8118,  0, 0, 0
L -208.7270, -680.5029, 233.8118,  -190.3976, -706.2318, 235.4400,  0, 0, 0
L -160.2529, -719.0232, 218.7104,  -160.2529, -719.0232, 218.7104,  0, 0, 0
L -160.2529, -719.0232, 218.7104,  -120.0764, -720.4041, 227.6155,  0, 0, 0
L -120.0764, -720.4041, 227.6155,  -100.8494, -717.3208, 221.5061,  0, 0, 0
L 149.3227, -452.9841, 198.0496,  192.0759, -471.6955, 205.6351,  0, 0, 0
L 192.0759, -471.6955, 205.6351,  203.0791, -492.3588, 202.7065,  0, 0, 0
L 203.0791, -492.3588, 202.7065,  227.2024, -507.4951, 189.5916,  0, 0, 0
L 227.2024, -507.4951, 189.5916,  230.5236, -521.4850, 183.1680,  0, 0, 0
L 230.5236, -521.4850, 183.1680,  234.8478, -539.7087, 181.4055,  0, 0, 0
L -540.5406, 502.5717, 53.3703,  -540.5406, 502.5717, 53.3703,  0, 0, 0
P -102.0000, -562.0000, 182.0000,  0, 127, 127,  2,  Yasil,_the_Great_Tiger_Spirit_(Quests)
P -57.0000, -534.0000, 184.0000,  0, 127, 127,  2,  Valia,_the_Great_Bear_Spirit_(Quests)
P -13.0000, -503.0000, 183.0000,  0, 127, 127,  2,  Shae,_the_Great_Wolf_Spirit_(Quests)
P -440.6506, 216.8682, 34.2946,  127, 64, 0,  2,  Eelworm_(Hunter)
P -13.4793, -623.5173, 207.6754,  0, 127, 127,  2,  Kejaan_Kerrath_(Quests)
P -34.0606, -394.6407, 183.1269,  0, 0, 0,  2,  Boyo,_a_pinning_spirit
P 454.6573, 690.7875, 71.5053,  240, 0, 0,  3,  to_Deepshade_(one-way)
P -384.3984, 306.9821, 66.2596,  240, 240, 240,  1,  .
P -684.2663, -326.2450, 53.9499,  240, 240, 0,  1,  .
P -597.7368, -493.0807, 58.3354,  240, 240, 0,  1,  .
P 83.9709, -661.6337, 183.4858,  240, 240, 0,  1,  .
P -23.4612, -559.4561, 177.0201,  240, 240, 0,  1,  .
P 64.2856, -379.8365, 184.2832,  240, 240, 0,  1,  .
P -59.4384, -215.8719, 185.1691,  240, 240, 0,  1,  .
P 909.0573, -919.7524, 186.0313,  240, 240, 0,  1,  .
P 115.1646, -418.4709, 216.3021,  240, 240, 0,  1,  .
P 622.8276, -212.5331, 189.6508,  240, 240, 240,  1,  .
P 452.0358, 389.3974, 127.4546,  240, 240, 240,  1,  .
P -229.5936, 313.4057, 55.2482,  127, 64, 0,  2,  Mycorrihizal_Mutation_(Hunter,Roam)
P -635.3922, 147.9020, 52.9147,  127, 64, 0,  2,  Rabid_Rhizanthella_(Hutner)
P 468.4796, -183.1075, 186.2915,  127, 64, 0,  2,  Variegated_Monstera_(Hunter)
P -552.6783, -297.6360, 49.5156,  240, 240, 0,  1,  .
P -498.6441, -297.3861, 52.5816,  240, 240, 0,  1,  .
P -177.3586, 205.7607, 47.8220,  240, 240, 240,  1,  .
P -298.2484, 193.6659, 32.0660,  127, 64, 0,  2,  Eelworm_(Hunter,Roam)
P -246.1238, 582.3884, 59.0759,  240, 240, 240,  1,  .
P 302.0939, -118.7940, 184.6492,  240, 240, 240,  1,  .
P -510.9954, 68.2624, 52.9081,  127, 64, 0,  2,  Rabid_Rhizanthlla_(Hunter)
P 514.2520, -615.6656, 185.1113,  127, 64, 0,  2,  Chromatic_Widow_Queen_(Hunter)
P 392.6698, -788.2421, 187.1979,  127, 64, 0,  2,  Chromatic_Widow_Queen_(Hunter)
P 210.1367, -688.0507, 204.4863,  127, 64, 0,  2,  Chromatic_Widow_Queen_(Hunter)
P -656.5052, -210.4969, 51.3489,  127, 64, 0,  2,  Geoxyle_(Hunter)
P -446.8145, -271.1492, 53.0235,  127, 64, 0,  2,  Geoxyle_(Hunter)
P -658.9835, -461.6063, 56.5221,  127, 64, 0,  2,  Geoxyle_(Hunter)
P -27.5464, -669.6693, 194.3696,  240, 240, 0,  1,  .
P 403.7491, -618.5078, 186.0199,  240, 240, 0,  1,  .
P 405.0173, -588.0546, 191.9144,  240, 240, 0,  1,  .
P 326.4498, -857.9177, 208.3013,  240, 240, 0,  1,  .
P 901.8365, -745.3527, 187.7244,  240, 240, 0,  1,  .
P 827.1439, -681.2800, 203.1103,  240, 240, 0,  1,  .
P 504.4387, -453.7362, 203.5824,  240, 240, 0,  1,  .
P 543.9784, 20.5066, 241.5229,  240, 240, 240,  1,  .
P -61.4833, 13.1270, 189.0429,  127, 64, 0,  2,  Kezhda_the_Frenzied_(Hunter)
P -213.7308, 123.8014, 116.2123,  240, 240, 240,  1,  .
P -738.8447, 407.1938, 45.1337,  240, 240, 240,  1,  .
P -317.6459, 547.4676, 46.1876,  240, 240, 240,  1,  .
P -242.2431, 154.6887, 118.7113,  240, 240, 240,  1,  .
P -156.2742, 113.6811, 188.9805,  240, 240, 240,  1,  .
P -713.1148, -401.1020, 64.3489,  240, 240, 0,  1,  .
P -180.9849, -699.8149, 213.8859,  240, 240, 0,  1,  .
P 226.2836, -511.2293, 189.1899,  240, 240, 0,  1,  .
P 313.8062, -509.2045, 186.0616,  240, 240, 0,  1,  .
P 377.1447, -798.3740, 187.5887,  240, 240, 0,  1,  .
P 736.9803, -788.9621, 184.4654,  240, 240, 0,  1,  .
P 327.3261, -253.0708, 199.3513,  240, 240, 240,  1,  .
P 326.0522, 627.3154, 74.6505,  240, 240, 240,  1,  .
P -284.3968, 544.9197, 46.1606,  240, 240, 240,  1,  .
P -337.3591, 677.4683, 53.5379,  240, 240, 240,  1,  .
P -540.5406, 502.5717, 53.3703,  240, 240, 240,  1,  .
P -706.4264, 152.0470, 57.6339,  240, 240, 240,  1,  .
