P 650.5308, -1065.1083, 146.5288,  240, 0, 0,  3,  to_Darklight_Caverns
P -417.8226, 1939.5728, -82.6719,  240, 0, 0,  3,  to_Ruins_of_Shadow_Haven
P -101.7144, -1001.8557, 19.2201,  240, 240, 240,  2,  Grakaw
P 951.1763, -408.9276, -268.1700,  240, 240, 240,  2,  The_Spore_Pools
P -737.6695, -553.0378, -421.7214,  240, 240, 240,  2,  Village
P -453.3097, -1070.9612, 223.4239,  0, 0, 0,  2,  Grandpa
P -195.4490, -1526.7837, 231.7973,  240, 240, 240,  2,  The_Sleeping_Beast
P 685.5262, -1003.7169, 142.5295,  240, 240, 240,  2,  The_Door
P 652.8727, -1030.2001, 144.8920,  240, 240, 0,  2,  Rock_Wall_-_hail_spirit_to_remove
P 678.1364, -1028.1412, 145.4266,  0, 0, 0,  2,  a_spirit_of_perseverance
P 772.4861, -1018.7904, 108.3535,  0, 240, 240,  2,  a_spirit_messenger_(Raid,Mission)
P 61.9948, 1487.5553, 29.1248,  0, 127, 127,  2,  Toober_(Quests)
P -518.8738, 1765.1150, -46.7457,  0, 0, 0,  2,  Kwilrz_Vn`Ycxa
P 199.1480, 247.8288, -227.7258,  127, 64, 0,  2,  Faceted_Windra_(Hunter)
P 175.0488, 1113.8301, -343.5516,  127, 64, 0,  2,  Sehtab_Mahilnee_(Hunter,Roam)
P 804.9052, 933.7444, 37.5322,  127, 64, 0,  2,  Drinil_(Hunter)
P -502.0352, 956.8242, -245.7127,  127, 64, 0,  2,  Sehtab_Mahlinee_(Hunter)
P 1125.0040, -337.9297, -270.7158,  127, 64, 0,  2,  Psylopsybyl_(Hunter,Roam)
P 1114.9176, -207.3438, -269.2723,  127, 64, 0,  2,  Psylopsybyl_(Hunter,Roam)
P 743.3173, -381.2145, -261.1709,  127, 64, 0,  2,  Psylopsybl_(Hunter,Roam)
P -888.7557, -704.2843, -426.0446,  127, 64, 0,  2,  Agaricusus_(Hunter,Roam)
P -278.2857, -639.0226, -389.8451,  127, 64, 0,  2,  Agaricusus_(Hunter,Roam)
P -714.3337, -17.2385, -373.0103,  127, 64, 0,  2,  Agaricusus_(Hunter,Roam)
P -858.9366, 170.2874, -375.5481,  127, 64, 0,  2,  Agaricusus_(Hunter)
P -992.6678, -46.8670, 34.3669,  127, 64, 0,  2,  Bavanjam_(Huner,Roam)
P -1150.4886, -136.8433, 9.6831,  127, 64, 0,  2,  Bavanjam_(Hunter)
P -1181.2703, -336.5410, 10.9634,  127, 64, 0,  2,  Bavanjam_(Hunter)
P -675.9474, -610.4283, 11.4801,  127, 64, 0,  2,  Ayoaenae_(Hunter)
P -531.8193, -748.0565, -2.7932,  127, 64, 0,  2,  Ayoaenae_(Hunter)
P -421.7301, -881.2214, 13.9431,  127, 64, 0,  2,  Ayoaenae_(Hunter)
P -669.2198, -853.0945, 149.8180,  127, 64, 0,  2,  Ayoaenae_(Hunter,Roam)
P 343.6996, -542.3722, 20.5281,  240, 240, 240,  1,  .
P -769.4210, 468.5733, -11.6679,  240, 240, 240,  1,  .
P -742.7278, -88.6429, 40.9226,  240, 240, 240,  1,  .
P 521.4163, -843.1248, -24.4569,  240, 240, 240,  1,  .
P 589.3700, -961.2853, -24.4019,  240, 240, 240,  1,  .
P 1191.4330, -191.0990, -244.9090,  240, 240, 0,  1,  .
P 783.6752, -499.5441, -259.5807,  240, 240, 240,  1,  .
P 1248.5475, 491.3837, -334.8696,  240, 240, 0,  1,  .
P -775.8547, -713.4258, -417.4271,  240, 240, 0,  1,  .
P 768.0810, -18.1599, -348.3341,  240, 240, 0,  1,  .
P 278.2719, 859.1450, 23.2219,  240, 240, 0,  1,  .