L 1000.0000, 0.0000, 0.0000,  1000.0000, -50.0000, 0.0000,  255, 0, 0
L -20.0000, 50.0000, 0.0000,  -50.0000, 20.0000, 0.0000,  255, 0, 0
L 50.0000, 20.0000, 0.0000,  20.0000, 50.0000, 0.0000,  255, 0, 0
L 20.0000, -50.0000, 0.0000,  50.0000, -20.0000, 0.0000,  255, 0, 0
L -50.0000, -20.0000, 0.0000,  -20.0000, -50.0000, 0.0000,  255, 0, 0
L -50.0000, 20.0000, 0.0000,  -50.0000, -20.0000, 0.0000,  255, 0, 0
L 20.0000, 50.0000, 0.0000,  -20.0000, 50.0000, 0.0000,  255, 0, 0
L 50.0000, -20.0000, 0.0000,  50.0000, 20.0000, 0.0000,  255, 0, 0
L -20.0000, -50.0000, 0.0000,  20.0000, -50.0000, 0.0000,  255, 0, 0
L 580.0000, -20.0000, 0.0000,  540.0000, -20.0000, 0.0000,  255, 0, 0
L 580.0000, -90.0000, 0.0000,  580.0000, -20.0000, 0.0000,  255, 0, 0
L 540.0000, -90.0000, 0.0000,  580.0000, -90.0000, 0.0000,  255, 0, 0
L 540.0000, -20.0000, 0.0000,  540.0000, -90.0000, 0.0000,  255, 0, 0
L 520.0000, -20.0000, 0.0000,  480.0000, -20.0000, 0.0000,  255, 0, 0
L 520.0000, -90.0000, 0.0000,  520.0000, -20.0000, 0.0000,  255, 0, 0
L 480.0000, -90.0000, 0.0000,  520.0000, -90.0000, 0.0000,  255, 0, 0
L 480.0000, -20.0000, 0.0000,  480.0000, -90.0000, 0.0000,  255, 0, 0
L 460.0000, -90.0000, 0.0000,  450.0000, -80.0000, 0.0000,  255, 0, 0
L 460.0000, -20.0000, 0.0000,  460.0000, -90.0000, 0.0000,  255, 0, 0
L 0.0000, -250.0000, 0.0000,  0.0000, 250.0000, 0.0000,  255, 0, 0
L -250.0000, 0.0000, 0.0000,  1000.0000, 0.0000, 0.0000,  255, 0, 0
L -120.0000, -80.0000, 0.0000,  -120.0000, -60.0000, 0.0000,  255, 0, 0
L -120.0000, -60.0000, 0.0000,  -120.0000, -40.0000, 0.0000,  255, 0, 0
L -100.0000, -60.0000, 0.0000,  -120.0000, -60.0000, 0.0000,  255, 0, 0
L -120.0000, -60.0000, 0.0000,  -140.0000, -60.0000, 0.0000,  255, 0, 0
L -90.0000, -50.0000, 0.0000,  -100.0000, -30.0000, 0.0000,  255, 0, 0
L -60.0000, -80.0000, 0.0000,  -60.0000, -60.0000, 0.0000,  255, 0, 0
L -60.0000, -60.0000, 0.0000,  -60.0000, -40.0000, 0.0000,  255, 0, 0
L -40.0000, -60.0000, 0.0000,  -60.0000, -60.0000, 0.0000,  255, 0, 0
L -60.0000, -60.0000, 0.0000,  -80.0000, -60.0000, 0.0000,  255, 0, 0
L 100.0000, 60.0000, 0.0000,  120.0000, 60.0000, 0.0000,  255, 0, 0
L 120.0000, 60.0000, 0.0000,  140.0000, 60.0000, 0.0000,  255, 0, 0
L 90.0000, 70.0000, 0.0000,  80.0000, 90.0000, 0.0000,  255, 0, 0
L 40.0000, 60.0000, 0.0000,  60.0000, 60.0000, 0.0000,  255, 0, 0
L 60.0000, 60.0000, 0.0000,  80.0000, 60.0000, 0.0000,  255, 0, 0
L -100.0000, 60.0000, 0.0000,  -120.0000, 60.0000, 0.0000,  255, 0, 0
L -120.0000, 60.0000, 0.0000,  -140.0000, 60.0000, 0.0000,  255, 0, 0
L -90.0000, 70.0000, 0.0000,  -100.0000, 90.0000, 0.0000,  255, 0, 0
L -60.0000, 80.0000, 0.0000,  -60.0000, 60.0000, 0.0000,  255, 0, 0
L -60.0000, 60.0000, 0.0000,  -60.0000, 40.0000, 0.0000,  255, 0, 0
L -40.0000, 60.0000, 0.0000,  -60.0000, 60.0000, 0.0000,  255, 0, 0
L -60.0000, 60.0000, 0.0000,  -80.0000, 60.0000, 0.0000,  255, 0, 0
L 100.0000, -60.0000, 0.0000,  120.0000, -60.0000, 0.0000,  255, 0, 0
L 120.0000, -60.0000, 0.0000,  140.0000, -60.0000, 0.0000,  255, 0, 0
L 90.0000, -50.0000, 0.0000,  80.0000, -30.0000, 0.0000,  255, 0, 0
L 60.0000, -80.0000, 0.0000,  60.0000, -60.0000, 0.0000,  255, 0, 0
L 60.0000, -60.0000, 0.0000,  60.0000, -40.0000, 0.0000,  255, 0, 0
L 40.0000, -60.0000, 0.0000,  60.0000, -60.0000, 0.0000,  255, 0, 0
L 60.0000, -60.0000, 0.0000,  80.0000, -60.0000, 0.0000,  255, 0, 0
L 599.0000, -90.0000, 0.0000,  637.2999, -90.0000, 0.0000,  255, 0, 0
L 599.0000, -20.0000, 0.0000,  637.2999, -20.0000, 0.0000,  255, 0, 0
L 599.0000, -90.0000, 0.0000,  599.0000, -20.0000, 0.0000,  255, 0, 0
L 637.2999, -90.0000, 0.0000,  637.2999, -20.0000, 0.0000,  255, 0, 0
L 0.0000, 4900.0000, 0.0000,  0.0000, 4960.0000, 0.0000,  0, 0, 0
L 40.0000, 4960.0000, 0.0000,  0.0000, 4960.0000, 0.0000,  0, 0, 0
L 60.0000, 4930.0000, 0.0000,  90.0000, 4930.0000, 0.0000,  0, 0, 0
L 60.0000, 4960.0000, 0.0000,  90.0000, 4960.0000, 0.0000,  0, 0, 0
L 60.0000, 4900.0000, 0.0000,  60.0000, 4960.0000, 0.0000,  0, 0, 0
L 90.0000, 4900.0000, 0.0000,  60.0000, 4900.0000, 0.0000,  0, 0, 0
L 140.0000, 4960.0000, 0.0000,  110.0000, 4960.0000, 0.0000,  0, 0, 0
L 110.0000, 4900.0000, 0.0000,  140.0000, 4900.0000, 0.0000,  0, 0, 0
L 110.0000, 4960.0000, 0.0000,  110.0000, 4900.0000, 0.0000,  0, 0, 0
L 140.0000, 4960.0000, 0.0000,  140.0000, 4930.0000, 0.0000,  0, 0, 0
L 140.0000, 4930.0000, 0.0000,  120.0000, 4930.0000, 0.0000,  0, 0, 0
L 160.0000, 4930.0000, 0.0000,  190.0000, 4930.0000, 0.0000,  0, 0, 0
L 160.0000, 4960.0000, 0.0000,  190.0000, 4960.0000, 0.0000,  0, 0, 0
L 160.0000, 4900.0000, 0.0000,  160.0000, 4960.0000, 0.0000,  0, 0, 0
L 190.0000, 4900.0000, 0.0000,  160.0000, 4900.0000, 0.0000,  0, 0, 0
L 240.0000, 4960.0000, 0.0000,  240.0000, 4900.0000, 0.0000,  0, 0, 0
L 210.0000, 4900.0000, 0.0000,  240.0000, 4960.0000, 0.0000,  0, 0, 0
L 210.0000, 4960.0000, 0.0000,  210.0000, 4900.0000, 0.0000,  0, 0, 0
L 270.0000, 4960.0000, 0.0000,  270.0000, 4900.0000, 0.0000,  0, 0, 0
L 280.0000, 4960.0000, 0.0000,  260.0000, 4960.0000, 0.0000,  0, 0, 0
L 290.0000, 4930.0000, 0.0000,  280.0000, 4960.0000, 0.0000,  0, 0, 0
L 280.0000, 4900.0000, 0.0000,  290.0000, 4930.0000, 0.0000,  0, 0, 0
L 260.0000, 4900.0000, 0.0000,  280.0000, 4900.0000, 0.0000,  0, 0, 0
L 0.0000, 5030.0000, 0.0000,  0.0000, 5060.0000, 0.0000,  255, 210, 0
L 0.0000, 5030.0000, 0.0000,  20.0000, 5030.0000, 0.0000,  255, 210, 0
L 20.0000, 5090.0000, 0.0000,  0.0000, 5090.0000, 0.0000,  255, 210, 0
L 0.0000, 5060.0000, 0.0000,  0.0000, 5090.0000, 0.0000,  255, 210, 0
L 20.0000, 5060.0000, 0.0000,  0.0000, 5060.0000, 0.0000,  255, 210, 0
L 20.0000, 5060.0000, 0.0000,  40.0000, 5045.0000, 0.0000,  255, 210, 0
L 20.0000, 5030.0000, 0.0000,  40.0000, 5045.0000, 0.0000,  255, 210, 0
L 20.0000, 5060.0000, 0.0000,  40.0000, 5075.0000, 0.0000,  255, 210, 0
L 40.0000, 5075.0000, 0.0000,  20.0000, 5090.0000, 0.0000,  255, 210, 0
L 70.0000, 5060.0000, 0.0000,  90.0000, 5060.0000, 0.0000,  255, 210, 0
L 80.0000, 5030.0000, 0.0000,  100.0000, 5090.0000, 0.0000,  255, 210, 0
L 60.0000, 5090.0000, 0.0000,  80.0000, 5030.0000, 0.0000,  255, 210, 0
L 150.0000, 5090.0000, 0.0000,  150.0000, 5030.0000, 0.0000,  255, 210, 0
L 120.0000, 5030.0000, 0.0000,  150.0000, 5090.0000, 0.0000,  255, 210, 0
L 120.0000, 5090.0000, 0.0000,  120.0000, 5030.0000, 0.0000,  255, 210, 0
L 170.0000, 5030.0000, 0.0000,  170.0000, 5060.0000, 0.0000,  255, 210, 0
L 170.0000, 5060.0000, 0.0000,  170.0000, 5090.0000, 0.0000,  255, 210, 0
L 170.0000, 5060.0000, 0.0000,  210.0000, 5090.0000, 0.0000,  255, 210, 0
L 170.0000, 5060.0000, 0.0000,  210.0000, 5030.0000, 0.0000,  255, 210, 0
L 230.0000, 5060.0000, 0.0000,  260.0000, 5060.0000, 0.0000,  255, 210, 0
L 230.0000, 5090.0000, 0.0000,  260.0000, 5090.0000, 0.0000,  255, 210, 0
L 230.0000, 5030.0000, 0.0000,  230.0000, 5090.0000, 0.0000,  255, 210, 0
L 260.0000, 5030.0000, 0.0000,  230.0000, 5030.0000, 0.0000,  255, 210, 0
L 280.0000, 5030.0000, 0.0000,  280.0000, 5060.0000, 0.0000,  255, 210, 0
L 280.0000, 5060.0000, 0.0000,  280.0000, 5090.0000, 0.0000,  255, 210, 0
L 280.0000, 5060.0000, 0.0000,  300.0000, 5060.0000, 0.0000,  255, 210, 0
L 320.0000, 5060.0000, 0.0000,  320.0000, 5030.0000, 0.0000,  255, 210, 0
L 280.0000, 5030.0000, 0.0000,  320.0000, 5030.0000, 0.0000,  255, 210, 0
L 300.0000, 5060.0000, 0.0000,  320.0000, 5060.0000, 0.0000,  255, 210, 0
L 320.0000, 5090.0000, 0.0000,  300.0000, 5060.0000, 0.0000,  255, 210, 0
L 30.0000, 5180.0000, 0.0000,  0.0000, 5180.0000, 0.0000,  255, 255, 255
L 0.0000, 5120.0000, 0.0000,  30.0000, 5120.0000, 0.0000,  255, 255, 255
L 0.0000, 5180.0000, 0.0000,  0.0000, 5120.0000, 0.0000,  255, 255, 255
L 50.0000, 5120.0000, 0.0000,  80.0000, 5120.0000, 0.0000,  255, 255, 255
L 50.0000, 5180.0000, 0.0000,  80.0000, 5180.0000, 0.0000,  255, 255, 255
L 50.0000, 5120.0000, 0.0000,  50.0000, 5180.0000, 0.0000,  255, 255, 255
L 80.0000, 5120.0000, 0.0000,  80.0000, 5180.0000, 0.0000,  255, 255, 255
L 140.0000, 5120.0000, 0.0000,  140.0000, 5180.0000, 0.0000,  255, 255, 255
L 120.0000, 5150.0000, 0.0000,  140.0000, 5120.0000, 0.0000,  255, 255, 255
L 100.0000, 5120.0000, 0.0000,  120.0000, 5150.0000, 0.0000,  255, 255, 255
L 100.0000, 5180.0000, 0.0000,  100.0000, 5120.0000, 0.0000,  255, 255, 255
L 200.0000, 5120.0000, 0.0000,  200.0000, 5180.0000, 0.0000,  255, 255, 255
L 180.0000, 5150.0000, 0.0000,  200.0000, 5120.0000, 0.0000,  255, 255, 255
L 160.0000, 5120.0000, 0.0000,  180.0000, 5150.0000, 0.0000,  255, 255, 255
L 160.0000, 5180.0000, 0.0000,  160.0000, 5120.0000, 0.0000,  255, 255, 255
L 220.0000, 5150.0000, 0.0000,  250.0000, 5150.0000, 0.0000,  255, 255, 255
L 220.0000, 5180.0000, 0.0000,  250.0000, 5180.0000, 0.0000,  255, 255, 255
L 220.0000, 5120.0000, 0.0000,  220.0000, 5180.0000, 0.0000,  255, 255, 255
L 250.0000, 5120.0000, 0.0000,  220.0000, 5120.0000, 0.0000,  255, 255, 255
L 300.0000, 5180.0000, 0.0000,  300.0000, 5120.0000, 0.0000,  255, 255, 255
L 270.0000, 5120.0000, 0.0000,  300.0000, 5180.0000, 0.0000,  255, 255, 255
L 270.0000, 5180.0000, 0.0000,  270.0000, 5120.0000, 0.0000,  255, 255, 255
L 340.0000, 5120.0000, 0.0000,  340.0000, 5180.0000, 0.0000,  255, 255, 255
L 320.0000, 5120.0000, 0.0000,  360.0000, 5120.0000, 0.0000,  255, 255, 255
L 30.0000, 5270.0000, 0.0000,  0.0000, 5270.0000, 0.0000,  0, 0, 0
L 0.0000, 5210.0000, 0.0000,  30.0000, 5210.0000, 0.0000,  0, 0, 0
L 0.0000, 5270.0000, 0.0000,  0.0000, 5210.0000, 0.0000,  0, 0, 0
L 30.0000, 5270.0000, 0.0000,  30.0000, 5240.0000, 0.0000,  0, 0, 0
L 30.0000, 5240.0000, 0.0000,  10.0000, 5240.0000, 0.0000,  0, 0, 0
L 50.0000, 5240.0000, 0.0000,  80.0000, 5240.0000, 0.0000,  0, 0, 0
L 50.0000, 5270.0000, 0.0000,  80.0000, 5270.0000, 0.0000,  0, 0, 0
L 50.0000, 5210.0000, 0.0000,  50.0000, 5270.0000, 0.0000,  0, 0, 0
L 80.0000, 5210.0000, 0.0000,  50.0000, 5210.0000, 0.0000,  0, 0, 0
L 130.0000, 5270.0000, 0.0000,  130.0000, 5210.0000, 0.0000,  0, 0, 0
L 100.0000, 5210.0000, 0.0000,  130.0000, 5270.0000, 0.0000,  0, 0, 0
L 100.0000, 5270.0000, 0.0000,  100.0000, 5210.0000, 0.0000,  0, 0, 0
L 150.0000, 5240.0000, 0.0000,  180.0000, 5240.0000, 0.0000,  0, 0, 0
L 150.0000, 5270.0000, 0.0000,  180.0000, 5270.0000, 0.0000,  0, 0, 0
L 150.0000, 5210.0000, 0.0000,  150.0000, 5270.0000, 0.0000,  0, 0, 0
L 180.0000, 5210.0000, 0.0000,  150.0000, 5210.0000, 0.0000,  0, 0, 0
L 200.0000, 5210.0000, 0.0000,  200.0000, 5240.0000, 0.0000,  0, 0, 0
L 200.0000, 5240.0000, 0.0000,  200.0000, 5270.0000, 0.0000,  0, 0, 0
L 200.0000, 5240.0000, 0.0000,  220.0000, 5240.0000, 0.0000,  0, 0, 0
L 240.0000, 5240.0000, 0.0000,  240.0000, 5210.0000, 0.0000,  0, 0, 0
L 200.0000, 5210.0000, 0.0000,  240.0000, 5210.0000, 0.0000,  0, 0, 0
L 220.0000, 5240.0000, 0.0000,  240.0000, 5240.0000, 0.0000,  0, 0, 0
L 240.0000, 5270.0000, 0.0000,  220.0000, 5240.0000, 0.0000,  0, 0, 0
L 270.0000, 5240.0000, 0.0000,  290.0000, 5240.0000, 0.0000,  0, 0, 0
L 280.0000, 5210.0000, 0.0000,  300.0000, 5270.0000, 0.0000,  0, 0, 0
L 260.0000, 5270.0000, 0.0000,  280.0000, 5210.0000, 0.0000,  0, 0, 0
L 320.0000, 5210.0000, 0.0000,  320.0000, 5270.0000, 0.0000,  0, 0, 0
L 360.0000, 5270.0000, 0.0000,  320.0000, 5270.0000, 0.0000,  0, 0, 0
L 30.0000, 5360.0000, 0.0000,  0.0000, 5360.0000, 0.0000,  0, 0, 255
L 0.0000, 5300.0000, 0.0000,  30.0000, 5300.0000, 0.0000,  0, 0, 255
L 0.0000, 5360.0000, 0.0000,  0.0000, 5300.0000, 0.0000,  0, 0, 255
L 30.0000, 5360.0000, 0.0000,  30.0000, 5330.0000, 0.0000,  0, 0, 255
L 30.0000, 5330.0000, 0.0000,  10.0000, 5330.0000, 0.0000,  0, 0, 255
L 50.0000, 5300.0000, 0.0000,  50.0000, 5330.0000, 0.0000,  0, 0, 255
L 50.0000, 5330.0000, 0.0000,  50.0000, 5360.0000, 0.0000,  0, 0, 255
L 50.0000, 5330.0000, 0.0000,  70.0000, 5330.0000, 0.0000,  0, 0, 255
L 90.0000, 5330.0000, 0.0000,  90.0000, 5300.0000, 0.0000,  0, 0, 255
L 50.0000, 5300.0000, 0.0000,  90.0000, 5300.0000, 0.0000,  0, 0, 255
L 70.0000, 5330.0000, 0.0000,  90.0000, 5330.0000, 0.0000,  0, 0, 255
L 90.0000, 5360.0000, 0.0000,  70.0000, 5330.0000, 0.0000,  0, 0, 255
L 110.0000, 5300.0000, 0.0000,  140.0000, 5300.0000, 0.0000,  0, 0, 255
L 110.0000, 5360.0000, 0.0000,  140.0000, 5360.0000, 0.0000,  0, 0, 255
L 110.0000, 5300.0000, 0.0000,  110.0000, 5360.0000, 0.0000,  0, 0, 255
L 140.0000, 5300.0000, 0.0000,  140.0000, 5360.0000, 0.0000,  0, 0, 255
L 200.0000, 5300.0000, 0.0000,  200.0000, 5360.0000, 0.0000,  0, 0, 255
L 160.0000, 5300.0000, 0.0000,  160.0000, 5360.0000, 0.0000,  0, 0, 255
L 160.0000, 5360.0000, 0.0000,  200.0000, 5360.0000, 0.0000,  0, 0, 255
L 250.0000, 5360.0000, 0.0000,  250.0000, 5300.0000, 0.0000,  0, 0, 255
L 220.0000, 5300.0000, 0.0000,  250.0000, 5360.0000, 0.0000,  0, 0, 255
L 220.0000, 5360.0000, 0.0000,  220.0000, 5300.0000, 0.0000,  0, 0, 255
L 280.0000, 5360.0000, 0.0000,  280.0000, 5300.0000, 0.0000,  0, 0, 255
L 290.0000, 5360.0000, 0.0000,  270.0000, 5360.0000, 0.0000,  0, 0, 255
L 300.0000, 5330.0000, 0.0000,  290.0000, 5360.0000, 0.0000,  0, 0, 255
L 290.0000, 5300.0000, 0.0000,  300.0000, 5330.0000, 0.0000,  0, 0, 255
L 270.0000, 5300.0000, 0.0000,  290.0000, 5300.0000, 0.0000,  0, 0, 255
L 380.0000, 5300.0000, 0.0000,  380.0000, 5330.0000, 0.0000,  0, 0, 255
L 380.0000, 5360.0000, 0.0000,  420.0000, 5360.0000, 0.0000,  0, 0, 255
L 420.0000, 5330.0000, 0.0000,  380.0000, 5330.0000, 0.0000,  0, 0, 255
L 380.0000, 5300.0000, 0.0000,  420.0000, 5300.0000, 0.0000,  0, 0, 255
L 420.0000, 5330.0000, 0.0000,  420.0000, 5360.0000, 0.0000,  0, 0, 255
L 470.0000, 5330.0000, 0.0000,  440.0000, 5330.0000, 0.0000,  0, 0, 255
L 470.0000, 5300.0000, 0.0000,  470.0000, 5330.0000, 0.0000,  0, 0, 255
L 440.0000, 5300.0000, 0.0000,  470.0000, 5300.0000, 0.0000,  0, 0, 255
L 440.0000, 5360.0000, 0.0000,  440.0000, 5300.0000, 0.0000,  0, 0, 255
L 500.0000, 5330.0000, 0.0000,  520.0000, 5330.0000, 0.0000,  0, 0, 255
L 510.0000, 5300.0000, 0.0000,  530.0000, 5360.0000, 0.0000,  0, 0, 255
L 490.0000, 5360.0000, 0.0000,  510.0000, 5300.0000, 0.0000,  0, 0, 255
L 580.0000, 5360.0000, 0.0000,  590.0000, 5300.0000, 0.0000,  0, 0, 255
L 570.0000, 5330.0000, 0.0000,  580.0000, 5360.0000, 0.0000,  0, 0, 255
L 560.0000, 5360.0000, 0.0000,  570.0000, 5330.0000, 0.0000,  0, 0, 255
L 550.0000, 5300.0000, 0.0000,  560.0000, 5360.0000, 0.0000,  0, 0, 255
L 640.0000, 5360.0000, 0.0000,  640.0000, 5300.0000, 0.0000,  0, 0, 255
L 610.0000, 5300.0000, 0.0000,  640.0000, 5360.0000, 0.0000,  0, 0, 255
L 610.0000, 5360.0000, 0.0000,  610.0000, 5300.0000, 0.0000,  0, 0, 255
L 30.0000, 5450.0000, 0.0000,  0.0000, 5450.0000, 0.0000,  128, 128, 128
L 0.0000, 5390.0000, 0.0000,  30.0000, 5390.0000, 0.0000,  128, 128, 128
L 0.0000, 5450.0000, 0.0000,  0.0000, 5390.0000, 0.0000,  128, 128, 128
L 30.0000, 5450.0000, 0.0000,  30.0000, 5420.0000, 0.0000,  128, 128, 128
L 30.0000, 5420.0000, 0.0000,  10.0000, 5420.0000, 0.0000,  128, 128, 128
L 90.0000, 5390.0000, 0.0000,  90.0000, 5450.0000, 0.0000,  128, 128, 128
L 50.0000, 5390.0000, 0.0000,  50.0000, 5450.0000, 0.0000,  128, 128, 128
L 50.0000, 5450.0000, 0.0000,  90.0000, 5450.0000, 0.0000,  128, 128, 128
L 110.0000, 5390.0000, 0.0000,  110.0000, 5450.0000, 0.0000,  128, 128, 128
L 130.0000, 5390.0000, 0.0000,  130.0000, 5450.0000, 0.0000,  128, 128, 128
L 170.0000, 5450.0000, 0.0000,  130.0000, 5450.0000, 0.0000,  128, 128, 128
L 200.0000, 5450.0000, 0.0000,  200.0000, 5390.0000, 0.0000,  128, 128, 128
L 210.0000, 5450.0000, 0.0000,  190.0000, 5450.0000, 0.0000,  128, 128, 128
L 220.0000, 5420.0000, 0.0000,  210.0000, 5450.0000, 0.0000,  128, 128, 128
L 210.0000, 5390.0000, 0.0000,  220.0000, 5420.0000, 0.0000,  128, 128, 128
L 190.0000, 5390.0000, 0.0000,  210.0000, 5390.0000, 0.0000,  128, 128, 128
L 340.0000, 5390.0000, 0.0000,  340.0000, 5450.0000, 0.0000,  128, 128, 128
L 320.0000, 5420.0000, 0.0000,  340.0000, 5390.0000, 0.0000,  128, 128, 128
L 300.0000, 5390.0000, 0.0000,  320.0000, 5420.0000, 0.0000,  128, 128, 128
L 300.0000, 5450.0000, 0.0000,  300.0000, 5390.0000, 0.0000,  128, 128, 128
L 370.0000, 5420.0000, 0.0000,  390.0000, 5420.0000, 0.0000,  128, 128, 128
L 380.0000, 5390.0000, 0.0000,  400.0000, 5450.0000, 0.0000,  128, 128, 128
L 360.0000, 5450.0000, 0.0000,  380.0000, 5390.0000, 0.0000,  128, 128, 128
L 420.0000, 5390.0000, 0.0000,  420.0000, 5420.0000, 0.0000,  128, 128, 128
L 420.0000, 5450.0000, 0.0000,  460.0000, 5450.0000, 0.0000,  128, 128, 128
L 460.0000, 5420.0000, 0.0000,  420.0000, 5420.0000, 0.0000,  128, 128, 128
L 420.0000, 5390.0000, 0.0000,  460.0000, 5390.0000, 0.0000,  128, 128, 128
L 460.0000, 5420.0000, 0.0000,  460.0000, 5450.0000, 0.0000,  128, 128, 128
L 500.0000, 5390.0000, 0.0000,  500.0000, 5450.0000, 0.0000,  128, 128, 128
L 480.0000, 5390.0000, 0.0000,  520.0000, 5390.0000, 0.0000,  128, 128, 128
L 540.0000, 5420.0000, 0.0000,  570.0000, 5420.0000, 0.0000,  128, 128, 128
L 540.0000, 5450.0000, 0.0000,  570.0000, 5450.0000, 0.0000,  128, 128, 128
L 540.0000, 5390.0000, 0.0000,  540.0000, 5450.0000, 0.0000,  128, 128, 128
L 570.0000, 5390.0000, 0.0000,  540.0000, 5390.0000, 0.0000,  128, 128, 128
L 590.0000, 5390.0000, 0.0000,  590.0000, 5420.0000, 0.0000,  128, 128, 128
L 590.0000, 5420.0000, 0.0000,  590.0000, 5450.0000, 0.0000,  128, 128, 128
L 590.0000, 5420.0000, 0.0000,  610.0000, 5420.0000, 0.0000,  128, 128, 128
L 630.0000, 5420.0000, 0.0000,  630.0000, 5390.0000, 0.0000,  128, 128, 128
L 590.0000, 5390.0000, 0.0000,  630.0000, 5390.0000, 0.0000,  128, 128, 128
L 610.0000, 5420.0000, 0.0000,  630.0000, 5420.0000, 0.0000,  128, 128, 128
L 630.0000, 5450.0000, 0.0000,  610.0000, 5420.0000, 0.0000,  128, 128, 128
L 0.0000, 5480.0000, 0.0000,  0.0000, 5510.0000, 0.0000,  127, 64, 0
L 40.0000, 5540.0000, 0.0000,  40.0000, 5510.0000, 0.0000,  127, 64, 0
L 0.0000, 5510.0000, 0.0000,  0.0000, 5540.0000, 0.0000,  127, 64, 0
L 40.0000, 5510.0000, 0.0000,  40.0000, 5480.0000, 0.0000,  127, 64, 0
L 0.0000, 5510.0000, 0.0000,  40.0000, 5510.0000, 0.0000,  127, 64, 0
L 100.0000, 5480.0000, 0.0000,  100.0000, 5540.0000, 0.0000,  127, 64, 0
L 60.0000, 5480.0000, 0.0000,  60.0000, 5540.0000, 0.0000,  127, 64, 0
L 60.0000, 5540.0000, 0.0000,  100.0000, 5540.0000, 0.0000,  127, 64, 0
L 150.0000, 5540.0000, 0.0000,  150.0000, 5480.0000, 0.0000,  127, 64, 0
L 120.0000, 5480.0000, 0.0000,  150.0000, 5540.0000, 0.0000,  127, 64, 0
L 120.0000, 5540.0000, 0.0000,  120.0000, 5480.0000, 0.0000,  127, 64, 0
L 190.0000, 5480.0000, 0.0000,  190.0000, 5540.0000, 0.0000,  127, 64, 0
L 170.0000, 5480.0000, 0.0000,  210.0000, 5480.0000, 0.0000,  127, 64, 0
L 230.0000, 5510.0000, 0.0000,  260.0000, 5510.0000, 0.0000,  127, 64, 0
L 230.0000, 5540.0000, 0.0000,  260.0000, 5540.0000, 0.0000,  127, 64, 0
L 230.0000, 5480.0000, 0.0000,  230.0000, 5540.0000, 0.0000,  127, 64, 0
L 260.0000, 5480.0000, 0.0000,  230.0000, 5480.0000, 0.0000,  127, 64, 0
L 280.0000, 5480.0000, 0.0000,  280.0000, 5510.0000, 0.0000,  127, 64, 0
L 280.0000, 5510.0000, 0.0000,  280.0000, 5540.0000, 0.0000,  127, 64, 0
L 280.0000, 5510.0000, 0.0000,  300.0000, 5510.0000, 0.0000,  127, 64, 0
L 320.0000, 5510.0000, 0.0000,  320.0000, 5480.0000, 0.0000,  127, 64, 0
L 280.0000, 5480.0000, 0.0000,  320.0000, 5480.0000, 0.0000,  127, 64, 0
L 300.0000, 5510.0000, 0.0000,  320.0000, 5510.0000, 0.0000,  127, 64, 0
L 320.0000, 5540.0000, 0.0000,  300.0000, 5510.0000, 0.0000,  127, 64, 0
L 40.0000, 5570.0000, 0.0000,  40.0000, 5630.0000, 0.0000,  0, 127, 0
L 20.0000, 5600.0000, 0.0000,  40.0000, 5570.0000, 0.0000,  0, 127, 0
L 0.0000, 5570.0000, 0.0000,  20.0000, 5600.0000, 0.0000,  0, 127, 0
L 0.0000, 5630.0000, 0.0000,  0.0000, 5570.0000, 0.0000,  0, 127, 0
L 60.0000, 5600.0000, 0.0000,  90.0000, 5600.0000, 0.0000,  0, 127, 0
L 60.0000, 5630.0000, 0.0000,  90.0000, 5630.0000, 0.0000,  0, 127, 0
L 60.0000, 5570.0000, 0.0000,  60.0000, 5630.0000, 0.0000,  0, 127, 0
L 90.0000, 5570.0000, 0.0000,  60.0000, 5570.0000, 0.0000,  0, 127, 0
L 110.0000, 5570.0000, 0.0000,  110.0000, 5600.0000, 0.0000,  0, 127, 0
L 110.0000, 5600.0000, 0.0000,  110.0000, 5630.0000, 0.0000,  0, 127, 0
L 110.0000, 5600.0000, 0.0000,  130.0000, 5600.0000, 0.0000,  0, 127, 0
L 150.0000, 5600.0000, 0.0000,  150.0000, 5570.0000, 0.0000,  0, 127, 0
L 110.0000, 5570.0000, 0.0000,  150.0000, 5570.0000, 0.0000,  0, 127, 0
L 130.0000, 5600.0000, 0.0000,  150.0000, 5600.0000, 0.0000,  0, 127, 0
L 150.0000, 5630.0000, 0.0000,  130.0000, 5600.0000, 0.0000,  0, 127, 0
L 200.0000, 5630.0000, 0.0000,  170.0000, 5630.0000, 0.0000,  0, 127, 0
L 170.0000, 5570.0000, 0.0000,  200.0000, 5570.0000, 0.0000,  0, 127, 0
L 170.0000, 5630.0000, 0.0000,  170.0000, 5570.0000, 0.0000,  0, 127, 0
L 220.0000, 5570.0000, 0.0000,  220.0000, 5600.0000, 0.0000,  0, 127, 0
L 260.0000, 5630.0000, 0.0000,  260.0000, 5600.0000, 0.0000,  0, 127, 0
L 220.0000, 5600.0000, 0.0000,  220.0000, 5630.0000, 0.0000,  0, 127, 0
L 260.0000, 5600.0000, 0.0000,  260.0000, 5570.0000, 0.0000,  0, 127, 0
L 220.0000, 5600.0000, 0.0000,  260.0000, 5600.0000, 0.0000,  0, 127, 0
L 290.0000, 5600.0000, 0.0000,  310.0000, 5600.0000, 0.0000,  0, 127, 0
L 300.0000, 5570.0000, 0.0000,  320.0000, 5630.0000, 0.0000,  0, 127, 0
L 280.0000, 5630.0000, 0.0000,  300.0000, 5570.0000, 0.0000,  0, 127, 0
L 370.0000, 5630.0000, 0.0000,  370.0000, 5570.0000, 0.0000,  0, 127, 0
L 340.0000, 5570.0000, 0.0000,  370.0000, 5630.0000, 0.0000,  0, 127, 0
L 340.0000, 5630.0000, 0.0000,  340.0000, 5570.0000, 0.0000,  0, 127, 0
L 410.0000, 5570.0000, 0.0000,  410.0000, 5630.0000, 0.0000,  0, 127, 0
L 390.0000, 5570.0000, 0.0000,  430.0000, 5570.0000, 0.0000,  0, 127, 0
L 40.0000, 5660.0000, 0.0000,  40.0000, 5720.0000, 0.0000,  0, 127, 127
L 20.0000, 5690.0000, 0.0000,  40.0000, 5660.0000, 0.0000,  0, 127, 127
L 0.0000, 5660.0000, 0.0000,  20.0000, 5690.0000, 0.0000,  0, 127, 127
L 0.0000, 5720.0000, 0.0000,  0.0000, 5660.0000, 0.0000,  0, 127, 127
L 60.0000, 5660.0000, 0.0000,  60.0000, 5720.0000, 0.0000,  0, 127, 127
L 80.0000, 5660.0000, 0.0000,  80.0000, 5690.0000, 0.0000,  0, 127, 127
L 80.0000, 5720.0000, 0.0000,  120.0000, 5720.0000, 0.0000,  0, 127, 127
L 120.0000, 5690.0000, 0.0000,  80.0000, 5690.0000, 0.0000,  0, 127, 127
L 80.0000, 5660.0000, 0.0000,  120.0000, 5660.0000, 0.0000,  0, 127, 127
L 120.0000, 5690.0000, 0.0000,  120.0000, 5720.0000, 0.0000,  0, 127, 127
L 140.0000, 5660.0000, 0.0000,  140.0000, 5690.0000, 0.0000,  0, 127, 127
L 140.0000, 5720.0000, 0.0000,  180.0000, 5720.0000, 0.0000,  0, 127, 127
L 180.0000, 5690.0000, 0.0000,  140.0000, 5690.0000, 0.0000,  0, 127, 127
L 140.0000, 5660.0000, 0.0000,  180.0000, 5660.0000, 0.0000,  0, 127, 127
L 180.0000, 5690.0000, 0.0000,  180.0000, 5720.0000, 0.0000,  0, 127, 127
L 200.0000, 5660.0000, 0.0000,  200.0000, 5720.0000, 0.0000,  0, 127, 127
L 220.0000, 5660.0000, 0.0000,  250.0000, 5660.0000, 0.0000,  0, 127, 127
L 220.0000, 5720.0000, 0.0000,  250.0000, 5720.0000, 0.0000,  0, 127, 127
L 220.0000, 5660.0000, 0.0000,  220.0000, 5720.0000, 0.0000,  0, 127, 127
L 250.0000, 5660.0000, 0.0000,  250.0000, 5720.0000, 0.0000,  0, 127, 127
L 300.0000, 5720.0000, 0.0000,  300.0000, 5660.0000, 0.0000,  0, 127, 127
L 270.0000, 5660.0000, 0.0000,  300.0000, 5720.0000, 0.0000,  0, 127, 127
L 270.0000, 5720.0000, 0.0000,  270.0000, 5660.0000, 0.0000,  0, 127, 127
L 30.0000, 5810.0000, 0.0000,  30.0000, 5750.0000, 0.0000,  127, 64, 0
L 0.0000, 5750.0000, 0.0000,  30.0000, 5810.0000, 0.0000,  127, 64, 0
L 0.0000, 5810.0000, 0.0000,  0.0000, 5750.0000, 0.0000,  127, 64, 0
L 60.0000, 5780.0000, 0.0000,  80.0000, 5780.0000, 0.0000,  127, 64, 0
L 70.0000, 5750.0000, 0.0000,  90.0000, 5810.0000, 0.0000,  127, 64, 0
L 50.0000, 5810.0000, 0.0000,  70.0000, 5750.0000, 0.0000,  127, 64, 0
L 150.0000, 5750.0000, 0.0000,  150.0000, 5810.0000, 0.0000,  127, 64, 0
L 130.0000, 5780.0000, 0.0000,  150.0000, 5750.0000, 0.0000,  127, 64, 0
L 110.0000, 5750.0000, 0.0000,  130.0000, 5780.0000, 0.0000,  127, 64, 0
L 110.0000, 5810.0000, 0.0000,  110.0000, 5750.0000, 0.0000,  127, 64, 0
L 170.0000, 5780.0000, 0.0000,  200.0000, 5780.0000, 0.0000,  127, 64, 0
L 170.0000, 5810.0000, 0.0000,  200.0000, 5810.0000, 0.0000,  127, 64, 0
L 170.0000, 5750.0000, 0.0000,  170.0000, 5810.0000, 0.0000,  127, 64, 0
L 200.0000, 5750.0000, 0.0000,  170.0000, 5750.0000, 0.0000,  127, 64, 0
L 230.0000, 5810.0000, 0.0000,  230.0000, 5750.0000, 0.0000,  127, 64, 0
L 240.0000, 5810.0000, 0.0000,  220.0000, 5810.0000, 0.0000,  127, 64, 0
L 250.0000, 5780.0000, 0.0000,  240.0000, 5810.0000, 0.0000,  127, 64, 0
L 240.0000, 5750.0000, 0.0000,  250.0000, 5780.0000, 0.0000,  127, 64, 0
L 220.0000, 5750.0000, 0.0000,  240.0000, 5750.0000, 0.0000,  127, 64, 0
L 30.0000, 5870.0000, 0.0000,  0.0000, 5870.0000, 0.0000,  0, 255, 0
L 30.0000, 5840.0000, 0.0000,  30.0000, 5870.0000, 0.0000,  0, 255, 0
L 0.0000, 5840.0000, 0.0000,  30.0000, 5840.0000, 0.0000,  0, 255, 0
L 0.0000, 5900.0000, 0.0000,  0.0000, 5840.0000, 0.0000,  0, 255, 0
L 60.0000, 5870.0000, 0.0000,  80.0000, 5870.0000, 0.0000,  0, 255, 0
L 70.0000, 5840.0000, 0.0000,  90.0000, 5900.0000, 0.0000,  0, 255, 0
L 50.0000, 5900.0000, 0.0000,  70.0000, 5840.0000, 0.0000,  0, 255, 0
L 110.0000, 5840.0000, 0.0000,  110.0000, 5870.0000, 0.0000,  0, 255, 0
L 110.0000, 5870.0000, 0.0000,  110.0000, 5900.0000, 0.0000,  0, 255, 0
L 110.0000, 5870.0000, 0.0000,  130.0000, 5870.0000, 0.0000,  0, 255, 0
L 150.0000, 5870.0000, 0.0000,  150.0000, 5840.0000, 0.0000,  0, 255, 0
L 110.0000, 5840.0000, 0.0000,  150.0000, 5840.0000, 0.0000,  0, 255, 0
L 130.0000, 5870.0000, 0.0000,  150.0000, 5870.0000, 0.0000,  0, 255, 0
L 150.0000, 5900.0000, 0.0000,  130.0000, 5870.0000, 0.0000,  0, 255, 0
L 200.0000, 5900.0000, 0.0000,  170.0000, 5900.0000, 0.0000,  0, 255, 0
L 170.0000, 5840.0000, 0.0000,  200.0000, 5840.0000, 0.0000,  0, 255, 0
L 170.0000, 5900.0000, 0.0000,  170.0000, 5840.0000, 0.0000,  0, 255, 0
L 220.0000, 5870.0000, 0.0000,  250.0000, 5870.0000, 0.0000,  0, 255, 0
L 220.0000, 5900.0000, 0.0000,  250.0000, 5900.0000, 0.0000,  0, 255, 0
L 220.0000, 5840.0000, 0.0000,  220.0000, 5900.0000, 0.0000,  0, 255, 0
L 250.0000, 5840.0000, 0.0000,  220.0000, 5840.0000, 0.0000,  0, 255, 0
L 270.0000, 5840.0000, 0.0000,  270.0000, 5900.0000, 0.0000,  0, 255, 0
L 310.0000, 5900.0000, 0.0000,  270.0000, 5900.0000, 0.0000,  0, 255, 0
L 330.0000, 5840.0000, 0.0000,  330.0000, 5870.0000, 0.0000,  0, 255, 0
L 330.0000, 5900.0000, 0.0000,  370.0000, 5900.0000, 0.0000,  0, 255, 0
L 370.0000, 5870.0000, 0.0000,  330.0000, 5870.0000, 0.0000,  0, 255, 0
L 330.0000, 5840.0000, 0.0000,  370.0000, 5840.0000, 0.0000,  0, 255, 0
L 370.0000, 5870.0000, 0.0000,  370.0000, 5900.0000, 0.0000,  0, 255, 0
L 0.0000, 5930.0000, 0.0000,  0.0000, 5960.0000, 0.0000,  0, 240, 240
L 0.0000, 5960.0000, 0.0000,  0.0000, 5990.0000, 0.0000,  0, 240, 240
L 0.0000, 5960.0000, 0.0000,  20.0000, 5960.0000, 0.0000,  0, 240, 240
L 40.0000, 5960.0000, 0.0000,  40.0000, 5930.0000, 0.0000,  0, 240, 240
L 0.0000, 5930.0000, 0.0000,  40.0000, 5930.0000, 0.0000,  0, 240, 240
L 20.0000, 5960.0000, 0.0000,  40.0000, 5960.0000, 0.0000,  0, 240, 240
L 40.0000, 5990.0000, 0.0000,  20.0000, 5960.0000, 0.0000,  0, 240, 240
L 70.0000, 5960.0000, 0.0000,  90.0000, 5960.0000, 0.0000,  0, 240, 240
L 80.0000, 5930.0000, 0.0000,  100.0000, 5990.0000, 0.0000,  0, 240, 240
L 60.0000, 5990.0000, 0.0000,  80.0000, 5930.0000, 0.0000,  0, 240, 240
L 120.0000, 5930.0000, 0.0000,  120.0000, 5990.0000, 0.0000,  0, 240, 240
L 150.0000, 5990.0000, 0.0000,  150.0000, 5930.0000, 0.0000,  0, 240, 240
L 160.0000, 5990.0000, 0.0000,  140.0000, 5990.0000, 0.0000,  0, 240, 240
L 170.0000, 5960.0000, 0.0000,  160.0000, 5990.0000, 0.0000,  0, 240, 240
L 160.0000, 5930.0000, 0.0000,  170.0000, 5960.0000, 0.0000,  0, 240, 240
L 140.0000, 5930.0000, 0.0000,  160.0000, 5930.0000, 0.0000,  0, 240, 240
L 0.0000, 6020.0000, 0.0000,  0.0000, 6050.0000, 0.0000,  0, 255, 0
L 0.0000, 6080.0000, 0.0000,  40.0000, 6080.0000, 0.0000,  0, 255, 0
L 40.0000, 6050.0000, 0.0000,  0.0000, 6050.0000, 0.0000,  0, 255, 0
L 0.0000, 6020.0000, 0.0000,  40.0000, 6020.0000, 0.0000,  0, 255, 0
L 40.0000, 6050.0000, 0.0000,  40.0000, 6080.0000, 0.0000,  0, 255, 0
L 90.0000, 6050.0000, 0.0000,  60.0000, 6050.0000, 0.0000,  0, 255, 0
L 90.0000, 6020.0000, 0.0000,  90.0000, 6050.0000, 0.0000,  0, 255, 0
L 60.0000, 6020.0000, 0.0000,  90.0000, 6020.0000, 0.0000,  0, 255, 0
L 60.0000, 6080.0000, 0.0000,  60.0000, 6020.0000, 0.0000,  0, 255, 0
L 110.0000, 6050.0000, 0.0000,  140.0000, 6050.0000, 0.0000,  0, 255, 0
L 110.0000, 6080.0000, 0.0000,  140.0000, 6080.0000, 0.0000,  0, 255, 0
L 110.0000, 6020.0000, 0.0000,  110.0000, 6080.0000, 0.0000,  0, 255, 0
L 140.0000, 6020.0000, 0.0000,  110.0000, 6020.0000, 0.0000,  0, 255, 0
L 190.0000, 6080.0000, 0.0000,  160.0000, 6080.0000, 0.0000,  0, 255, 0
L 160.0000, 6020.0000, 0.0000,  190.0000, 6020.0000, 0.0000,  0, 255, 0
L 160.0000, 6080.0000, 0.0000,  160.0000, 6020.0000, 0.0000,  0, 255, 0
L 210.0000, 6020.0000, 0.0000,  210.0000, 6080.0000, 0.0000,  0, 255, 0
L 240.0000, 6050.0000, 0.0000,  260.0000, 6050.0000, 0.0000,  0, 255, 0
L 250.0000, 6020.0000, 0.0000,  270.0000, 6080.0000, 0.0000,  0, 255, 0
L 230.0000, 6080.0000, 0.0000,  250.0000, 6020.0000, 0.0000,  0, 255, 0
L 290.0000, 6020.0000, 0.0000,  290.0000, 6080.0000, 0.0000,  0, 255, 0
L 330.0000, 6080.0000, 0.0000,  290.0000, 6080.0000, 0.0000,  0, 255, 0
L 440.0000, 6080.0000, 0.0000,  410.0000, 6080.0000, 0.0000,  0, 255, 0
L 410.0000, 6020.0000, 0.0000,  440.0000, 6020.0000, 0.0000,  0, 255, 0
L 410.0000, 6080.0000, 0.0000,  410.0000, 6020.0000, 0.0000,  0, 255, 0
L 500.0000, 6020.0000, 0.0000,  500.0000, 6080.0000, 0.0000,  0, 255, 0
L 460.0000, 6020.0000, 0.0000,  460.0000, 6080.0000, 0.0000,  0, 255, 0
L 460.0000, 6080.0000, 0.0000,  500.0000, 6080.0000, 0.0000,  0, 255, 0
L 520.0000, 6020.0000, 0.0000,  520.0000, 6050.0000, 0.0000,  0, 255, 0
L 520.0000, 6050.0000, 0.0000,  520.0000, 6080.0000, 0.0000,  0, 255, 0
L 520.0000, 6050.0000, 0.0000,  540.0000, 6050.0000, 0.0000,  0, 255, 0
L 560.0000, 6050.0000, 0.0000,  560.0000, 6020.0000, 0.0000,  0, 255, 0
L 520.0000, 6020.0000, 0.0000,  560.0000, 6020.0000, 0.0000,  0, 255, 0
L 540.0000, 6050.0000, 0.0000,  560.0000, 6050.0000, 0.0000,  0, 255, 0
L 560.0000, 6080.0000, 0.0000,  540.0000, 6050.0000, 0.0000,  0, 255, 0
L 580.0000, 6020.0000, 0.0000,  580.0000, 6050.0000, 0.0000,  0, 255, 0
L 580.0000, 6050.0000, 0.0000,  580.0000, 6080.0000, 0.0000,  0, 255, 0
L 580.0000, 6050.0000, 0.0000,  600.0000, 6050.0000, 0.0000,  0, 255, 0
L 620.0000, 6050.0000, 0.0000,  620.0000, 6020.0000, 0.0000,  0, 255, 0
L 580.0000, 6020.0000, 0.0000,  620.0000, 6020.0000, 0.0000,  0, 255, 0
L 600.0000, 6050.0000, 0.0000,  620.0000, 6050.0000, 0.0000,  0, 255, 0
L 620.0000, 6080.0000, 0.0000,  600.0000, 6050.0000, 0.0000,  0, 255, 0
L 640.0000, 6050.0000, 0.0000,  670.0000, 6050.0000, 0.0000,  0, 255, 0
L 640.0000, 6080.0000, 0.0000,  670.0000, 6080.0000, 0.0000,  0, 255, 0
L 640.0000, 6020.0000, 0.0000,  640.0000, 6080.0000, 0.0000,  0, 255, 0
L 670.0000, 6020.0000, 0.0000,  640.0000, 6020.0000, 0.0000,  0, 255, 0
L 720.0000, 6080.0000, 0.0000,  720.0000, 6020.0000, 0.0000,  0, 255, 0
L 690.0000, 6020.0000, 0.0000,  720.0000, 6080.0000, 0.0000,  0, 255, 0
L 690.0000, 6080.0000, 0.0000,  690.0000, 6020.0000, 0.0000,  0, 255, 0
L 770.0000, 6080.0000, 0.0000,  740.0000, 6080.0000, 0.0000,  0, 255, 0
L 740.0000, 6020.0000, 0.0000,  770.0000, 6020.0000, 0.0000,  0, 255, 0
L 740.0000, 6080.0000, 0.0000,  740.0000, 6020.0000, 0.0000,  0, 255, 0
L 810.0000, 6050.0000, 0.0000,  810.0000, 6080.0000, 0.0000,  0, 255, 0
L 810.0000, 6050.0000, 0.0000,  830.0000, 6020.0000, 0.0000,  0, 255, 0
L 790.0000, 6020.0000, 0.0000,  810.0000, 6050.0000, 0.0000,  0, 255, 0
L 0.0000, 6110.0000, 0.0000,  0.0000, 6140.0000, 0.0000,  255, 0, 0
L 0.0000, 6170.0000, 0.0000,  40.0000, 6170.0000, 0.0000,  255, 0, 0
L 40.0000, 6140.0000, 0.0000,  0.0000, 6140.0000, 0.0000,  255, 0, 0
L 0.0000, 6110.0000, 0.0000,  40.0000, 6110.0000, 0.0000,  255, 0, 0
L 40.0000, 6140.0000, 0.0000,  40.0000, 6170.0000, 0.0000,  255, 0, 0
L 100.0000, 6110.0000, 0.0000,  100.0000, 6170.0000, 0.0000,  255, 0, 0
L 60.0000, 6110.0000, 0.0000,  60.0000, 6170.0000, 0.0000,  255, 0, 0
L 60.0000, 6170.0000, 0.0000,  100.0000, 6170.0000, 0.0000,  255, 0, 0
L 150.0000, 6170.0000, 0.0000,  120.0000, 6170.0000, 0.0000,  255, 0, 0
L 120.0000, 6110.0000, 0.0000,  150.0000, 6110.0000, 0.0000,  255, 0, 0
L 120.0000, 6170.0000, 0.0000,  120.0000, 6110.0000, 0.0000,  255, 0, 0
L 200.0000, 6170.0000, 0.0000,  170.0000, 6170.0000, 0.0000,  255, 0, 0
L 170.0000, 6110.0000, 0.0000,  200.0000, 6110.0000, 0.0000,  255, 0, 0
L 170.0000, 6170.0000, 0.0000,  170.0000, 6110.0000, 0.0000,  255, 0, 0
L 220.0000, 6110.0000, 0.0000,  250.0000, 6110.0000, 0.0000,  255, 0, 0
L 220.0000, 6170.0000, 0.0000,  250.0000, 6170.0000, 0.0000,  255, 0, 0
L 220.0000, 6110.0000, 0.0000,  220.0000, 6170.0000, 0.0000,  255, 0, 0
L 250.0000, 6110.0000, 0.0000,  250.0000, 6170.0000, 0.0000,  255, 0, 0
L 270.0000, 6110.0000, 0.0000,  270.0000, 6140.0000, 0.0000,  255, 0, 0
L 270.0000, 6140.0000, 0.0000,  270.0000, 6170.0000, 0.0000,  255, 0, 0
L 270.0000, 6140.0000, 0.0000,  290.0000, 6140.0000, 0.0000,  255, 0, 0
L 310.0000, 6140.0000, 0.0000,  310.0000, 6110.0000, 0.0000,  255, 0, 0
L 270.0000, 6110.0000, 0.0000,  310.0000, 6110.0000, 0.0000,  255, 0, 0
L 290.0000, 6140.0000, 0.0000,  310.0000, 6140.0000, 0.0000,  255, 0, 0
L 310.0000, 6170.0000, 0.0000,  290.0000, 6140.0000, 0.0000,  255, 0, 0
L 20.0000, 6200.0000, 0.0000,  20.0000, 6260.0000, 0.0000,  255, 255, 0
L 0.0000, 6200.0000, 0.0000,  40.0000, 6200.0000, 0.0000,  255, 255, 0
L 60.0000, 6230.0000, 0.0000,  90.0000, 6230.0000, 0.0000,  255, 255, 0
L 60.0000, 6260.0000, 0.0000,  90.0000, 6260.0000, 0.0000,  255, 255, 0
L 60.0000, 6200.0000, 0.0000,  60.0000, 6260.0000, 0.0000,  255, 255, 0
L 90.0000, 6200.0000, 0.0000,  60.0000, 6200.0000, 0.0000,  255, 255, 0
L 110.0000, 6200.0000, 0.0000,  110.0000, 6260.0000, 0.0000,  255, 255, 0
L 150.0000, 6260.0000, 0.0000,  110.0000, 6260.0000, 0.0000,  255, 255, 0
L 170.0000, 6230.0000, 0.0000,  200.0000, 6230.0000, 0.0000,  255, 255, 0
L 170.0000, 6260.0000, 0.0000,  200.0000, 6260.0000, 0.0000,  255, 255, 0
L 170.0000, 6200.0000, 0.0000,  170.0000, 6260.0000, 0.0000,  255, 255, 0
L 200.0000, 6200.0000, 0.0000,  170.0000, 6200.0000, 0.0000,  255, 255, 0
L 250.0000, 6230.0000, 0.0000,  220.0000, 6230.0000, 0.0000,  255, 255, 0
L 250.0000, 6200.0000, 0.0000,  250.0000, 6230.0000, 0.0000,  255, 255, 0
L 220.0000, 6200.0000, 0.0000,  250.0000, 6200.0000, 0.0000,  255, 255, 0
L 220.0000, 6260.0000, 0.0000,  220.0000, 6200.0000, 0.0000,  255, 255, 0
L 270.0000, 6200.0000, 0.0000,  300.0000, 6200.0000, 0.0000,  255, 255, 0
L 270.0000, 6260.0000, 0.0000,  300.0000, 6260.0000, 0.0000,  255, 255, 0
L 270.0000, 6200.0000, 0.0000,  270.0000, 6260.0000, 0.0000,  255, 255, 0
L 300.0000, 6200.0000, 0.0000,  300.0000, 6260.0000, 0.0000,  255, 255, 0
L 320.0000, 6200.0000, 0.0000,  320.0000, 6230.0000, 0.0000,  255, 255, 0
L 320.0000, 6230.0000, 0.0000,  320.0000, 6260.0000, 0.0000,  255, 255, 0
L 320.0000, 6230.0000, 0.0000,  340.0000, 6230.0000, 0.0000,  255, 255, 0
L 360.0000, 6230.0000, 0.0000,  360.0000, 6200.0000, 0.0000,  255, 255, 0
L 320.0000, 6200.0000, 0.0000,  360.0000, 6200.0000, 0.0000,  255, 255, 0
L 340.0000, 6230.0000, 0.0000,  360.0000, 6230.0000, 0.0000,  255, 255, 0
L 360.0000, 6260.0000, 0.0000,  340.0000, 6230.0000, 0.0000,  255, 255, 0
L 400.0000, 6200.0000, 0.0000,  400.0000, 6260.0000, 0.0000,  255, 255, 0
L 380.0000, 6200.0000, 0.0000,  420.0000, 6200.0000, 0.0000,  255, 255, 0
L 20.0000, 6290.0000, 0.0000,  20.0000, 6350.0000, 0.0000,  128, 0, 128
L 0.0000, 6290.0000, 0.0000,  40.0000, 6290.0000, 0.0000,  128, 0, 128
L 60.0000, 6290.0000, 0.0000,  60.0000, 6320.0000, 0.0000,  128, 0, 128
L 60.0000, 6320.0000, 0.0000,  60.0000, 6350.0000, 0.0000,  128, 0, 128
L 60.0000, 6320.0000, 0.0000,  80.0000, 6320.0000, 0.0000,  128, 0, 128
L 100.0000, 6320.0000, 0.0000,  100.0000, 6290.0000, 0.0000,  128, 0, 128
L 60.0000, 6290.0000, 0.0000,  100.0000, 6290.0000, 0.0000,  128, 0, 128
L 80.0000, 6320.0000, 0.0000,  100.0000, 6320.0000, 0.0000,  128, 0, 128
L 100.0000, 6350.0000, 0.0000,  80.0000, 6320.0000, 0.0000,  128, 0, 128
L 130.0000, 6320.0000, 0.0000,  150.0000, 6320.0000, 0.0000,  128, 0, 128
L 140.0000, 6290.0000, 0.0000,  160.0000, 6350.0000, 0.0000,  128, 0, 128
L 120.0000, 6350.0000, 0.0000,  140.0000, 6290.0000, 0.0000,  128, 0, 128
L 190.0000, 6350.0000, 0.0000,  190.0000, 6290.0000, 0.0000,  128, 0, 128
L 200.0000, 6350.0000, 0.0000,  180.0000, 6350.0000, 0.0000,  128, 0, 128
L 210.0000, 6320.0000, 0.0000,  200.0000, 6350.0000, 0.0000,  128, 0, 128
L 200.0000, 6290.0000, 0.0000,  210.0000, 6320.0000, 0.0000,  128, 0, 128
L 180.0000, 6290.0000, 0.0000,  200.0000, 6290.0000, 0.0000,  128, 0, 128
L 230.0000, 6320.0000, 0.0000,  260.0000, 6320.0000, 0.0000,  128, 0, 128
L 230.0000, 6350.0000, 0.0000,  260.0000, 6350.0000, 0.0000,  128, 0, 128
L 230.0000, 6290.0000, 0.0000,  230.0000, 6350.0000, 0.0000,  128, 0, 128
L 260.0000, 6290.0000, 0.0000,  230.0000, 6290.0000, 0.0000,  128, 0, 128
L 280.0000, 6290.0000, 0.0000,  280.0000, 6320.0000, 0.0000,  128, 0, 128
L 280.0000, 6350.0000, 0.0000,  320.0000, 6350.0000, 0.0000,  128, 0, 128
L 320.0000, 6320.0000, 0.0000,  280.0000, 6320.0000, 0.0000,  128, 0, 128
L 280.0000, 6290.0000, 0.0000,  320.0000, 6290.0000, 0.0000,  128, 0, 128
L 320.0000, 6320.0000, 0.0000,  320.0000, 6350.0000, 0.0000,  128, 0, 128
L 340.0000, 6290.0000, 0.0000,  340.0000, 6320.0000, 0.0000,  128, 0, 128
L 340.0000, 6320.0000, 0.0000,  340.0000, 6350.0000, 0.0000,  128, 0, 128
L 340.0000, 6320.0000, 0.0000,  380.0000, 6350.0000, 0.0000,  128, 0, 128
L 340.0000, 6320.0000, 0.0000,  380.0000, 6290.0000, 0.0000,  128, 0, 128
L 400.0000, 6290.0000, 0.0000,  400.0000, 6350.0000, 0.0000,  128, 0, 128
L 420.0000, 6290.0000, 0.0000,  420.0000, 6350.0000, 0.0000,  128, 0, 128
L 460.0000, 6350.0000, 0.0000,  420.0000, 6350.0000, 0.0000,  128, 0, 128
L 480.0000, 6290.0000, 0.0000,  480.0000, 6350.0000, 0.0000,  128, 0, 128
L 520.0000, 6350.0000, 0.0000,  480.0000, 6350.0000, 0.0000,  128, 0, 128
L 630.0000, 6350.0000, 0.0000,  600.0000, 6350.0000, 0.0000,  128, 0, 128
L 600.0000, 6290.0000, 0.0000,  630.0000, 6290.0000, 0.0000,  128, 0, 128
L 600.0000, 6350.0000, 0.0000,  600.0000, 6290.0000, 0.0000,  128, 0, 128
L 650.0000, 6290.0000, 0.0000,  680.0000, 6290.0000, 0.0000,  128, 0, 128
L 650.0000, 6350.0000, 0.0000,  680.0000, 6350.0000, 0.0000,  128, 0, 128
L 650.0000, 6290.0000, 0.0000,  650.0000, 6350.0000, 0.0000,  128, 0, 128
L 680.0000, 6290.0000, 0.0000,  680.0000, 6350.0000, 0.0000,  128, 0, 128
L 730.0000, 6350.0000, 0.0000,  730.0000, 6290.0000, 0.0000,  128, 0, 128
L 700.0000, 6290.0000, 0.0000,  730.0000, 6350.0000, 0.0000,  128, 0, 128
L 700.0000, 6350.0000, 0.0000,  700.0000, 6290.0000, 0.0000,  128, 0, 128
L 770.0000, 6290.0000, 0.0000,  770.0000, 6350.0000, 0.0000,  128, 0, 128
L 750.0000, 6290.0000, 0.0000,  790.0000, 6290.0000, 0.0000,  128, 0, 128
L 820.0000, 6320.0000, 0.0000,  840.0000, 6320.0000, 0.0000,  128, 0, 128
L 830.0000, 6290.0000, 0.0000,  850.0000, 6350.0000, 0.0000,  128, 0, 128
L 810.0000, 6350.0000, 0.0000,  830.0000, 6290.0000, 0.0000,  128, 0, 128
L 870.0000, 6290.0000, 0.0000,  870.0000, 6350.0000, 0.0000,  128, 0, 128
L 920.0000, 6350.0000, 0.0000,  920.0000, 6290.0000, 0.0000,  128, 0, 128
L 890.0000, 6290.0000, 0.0000,  920.0000, 6350.0000, 0.0000,  128, 0, 128
L 890.0000, 6350.0000, 0.0000,  890.0000, 6290.0000, 0.0000,  128, 0, 128
L 940.0000, 6320.0000, 0.0000,  970.0000, 6320.0000, 0.0000,  128, 0, 128
L 940.0000, 6350.0000, 0.0000,  970.0000, 6350.0000, 0.0000,  128, 0, 128
L 940.0000, 6290.0000, 0.0000,  940.0000, 6350.0000, 0.0000,  128, 0, 128
L 970.0000, 6290.0000, 0.0000,  940.0000, 6290.0000, 0.0000,  128, 0, 128
L 990.0000, 6290.0000, 0.0000,  990.0000, 6320.0000, 0.0000,  128, 0, 128
L 990.0000, 6320.0000, 0.0000,  990.0000, 6350.0000, 0.0000,  128, 0, 128
L 990.0000, 6320.0000, 0.0000,  1010.0000, 6320.0000, 0.0000,  128, 0, 128
L 1030.0000, 6320.0000, 0.0000,  1030.0000, 6290.0000, 0.0000,  128, 0, 128
L 990.0000, 6290.0000, 0.0000,  1030.0000, 6290.0000, 0.0000,  128, 0, 128
L 1010.0000, 6320.0000, 0.0000,  1030.0000, 6320.0000, 0.0000,  128, 0, 128
L 1030.0000, 6350.0000, 0.0000,  1010.0000, 6320.0000, 0.0000,  128, 0, 128
L 20.0000, 6380.0000, 0.0000,  20.0000, 6440.0000, 0.0000,  255, 255, 0
L 0.0000, 6380.0000, 0.0000,  40.0000, 6380.0000, 0.0000,  255, 255, 0
L 60.0000, 6380.0000, 0.0000,  60.0000, 6410.0000, 0.0000,  255, 255, 0
L 60.0000, 6410.0000, 0.0000,  60.0000, 6440.0000, 0.0000,  255, 255, 0
L 60.0000, 6410.0000, 0.0000,  80.0000, 6410.0000, 0.0000,  255, 255, 0
L 100.0000, 6410.0000, 0.0000,  100.0000, 6380.0000, 0.0000,  255, 255, 0
L 60.0000, 6380.0000, 0.0000,  100.0000, 6380.0000, 0.0000,  255, 255, 0
L 80.0000, 6410.0000, 0.0000,  100.0000, 6410.0000, 0.0000,  255, 255, 0
L 100.0000, 6440.0000, 0.0000,  80.0000, 6410.0000, 0.0000,  255, 255, 0
L 130.0000, 6410.0000, 0.0000,  150.0000, 6410.0000, 0.0000,  255, 255, 0
L 140.0000, 6380.0000, 0.0000,  160.0000, 6440.0000, 0.0000,  255, 255, 0
L 120.0000, 6440.0000, 0.0000,  140.0000, 6380.0000, 0.0000,  255, 255, 0
L 210.0000, 6410.0000, 0.0000,  180.0000, 6410.0000, 0.0000,  255, 255, 0
L 210.0000, 6380.0000, 0.0000,  210.0000, 6410.0000, 0.0000,  255, 255, 0
L 180.0000, 6380.0000, 0.0000,  210.0000, 6380.0000, 0.0000,  255, 255, 0
L 180.0000, 6440.0000, 0.0000,  180.0000, 6380.0000, 0.0000,  255, 255, 0
L 30.0000, 6470.0000, 0.0000,  0.0000, 6470.0000, 0.0000,  255, 0, 0
L 0.0000, 6530.0000, 0.0000,  30.0000, 6470.0000, 0.0000,  255, 0, 0
L 0.0000, 6530.0000, 0.0000,  30.0000, 6530.0000, 0.0000,  255, 0, 0
L 50.0000, 6470.0000, 0.0000,  80.0000, 6470.0000, 0.0000,  255, 0, 0
L 50.0000, 6530.0000, 0.0000,  80.0000, 6530.0000, 0.0000,  255, 0, 0
L 50.0000, 6470.0000, 0.0000,  50.0000, 6530.0000, 0.0000,  255, 0, 0
L 80.0000, 6470.0000, 0.0000,  80.0000, 6530.0000, 0.0000,  255, 0, 0
L 130.0000, 6530.0000, 0.0000,  130.0000, 6470.0000, 0.0000,  255, 0, 0
L 100.0000, 6470.0000, 0.0000,  130.0000, 6530.0000, 0.0000,  255, 0, 0
L 100.0000, 6530.0000, 0.0000,  100.0000, 6470.0000, 0.0000,  255, 0, 0
L 150.0000, 6500.0000, 0.0000,  180.0000, 6500.0000, 0.0000,  255, 0, 0
L 150.0000, 6530.0000, 0.0000,  180.0000, 6530.0000, 0.0000,  255, 0, 0
L 150.0000, 6470.0000, 0.0000,  150.0000, 6530.0000, 0.0000,  255, 0, 0
L 180.0000, 6470.0000, 0.0000,  150.0000, 6470.0000, 0.0000,  255, 0, 0
P -1000.0000, 4900.0000, 0.0000,  0, 0, 0,  2,  Original_Map:_EverQuest_Default
P -1000.0000, 5100.0000, 0.0000,  0, 0, 0,  2,  Revised_Map:_Brewall_Rainsiger_(Cazic-Thule)
P -1000.0000, 5300.0000, 0.0000,  0, 0, 0,  2,  http://www.eqmaps.info
P -1000.0000, 5500.0000, 0.0000,  0, 0, 0,  2,  Return_of_the_Exiled_(www.roteguild.org)
