P 409.0000, -3295.0000, -62.0000,  240, 0, 0,  3,  to_Shadeweaver`s_Tangle
P 3.0000, -18.0000, -9.1971,  240, 0, 0,  3,  to_Umbral_Plains
P 194.7072, -555.2567, -0.4412,  240, 240, 240,  2,  Ramp
P 220.9225, -2505.7781, 11.6721,  240, 240, 240,  2,  giant_bird_nest
P 61.0000, -692.0000, 0.0000,  0, 127, 127,  2,  Nikao_Twiga_(Quests)
P 600.0000, -1531.0000, 36.0000,  0, 127, 127,  2,  Nikao_Nord_(Quests)
P 255.0000, -1312.0000, 58.0000,  0, 127, 127,  2,  Za`Aknila_Tikus_(Quests)
P 84.6705, -2952.8892, -2.8344,  0, 127, 127,  2,  Khala_Dun_Ulra_(Quests)
P 125.7954, -2965.6814, -5.0552,  0, 0, 0,  2,  Taruun_Sihiq
P 129.2558, -2943.5110, -3.0640,  0, 0, 0,  2,  Khala_Dun_Khairah
P 316.8583, -2246.1099, -1.2874,  0, 127, 127,  2,  Wakkado_Polpetto_(Quests)
P 595.2980, -1714.2533, 35.7660,  0, 127, 127,  2,  Gimmar_Remi_(Quests,Roam)
P 505.9962, -1884.0575, 16.4959,  0, 0, 0,  2,  Kokoto
P 375.0072, -2075.2239, -2.1468,  0, 0, 0,  2,  Wakkadon_Muru
P 364.8847, -2069.2991, -1.7276,  0, 0, 0,  2,  Ameena
P 372.5680, -1325.7975, 48.1879,  0, 0, 0,  2,  Marshee_Keju
P 695.6765, -1350.9596, 36.3422,  0, 0, 0,  2,  Topo
P 781.2722, -1376.0967, 37.2497,  0, 0, 0,  2,  Kiffin
P 804.4997, -1337.5287, 35.6223,  0, 0, 0,  2,  Malik
P 820.0800, -1295.8689, 37.2489,  0, 0, 0,  2,  Glimmar_Mimmo
P 715.7524, -1219.9529, 36.5655,  0, 0, 0,  2,  Ikan
P 789.0579, -1225.9811, 37.3087,  0, 0, 0,  2,  Nikao_Shyra
P 789.7864, -1229.2151, 37.1140,  0, 0, 0,  2,  Peonie
P 700.6526, -1165.5071, 39.6667,  0, 0, 0,  2,  Ashni
P 507.5902, -1167.9745, 42.7375,  0, 0, 0,  2,  Glimmar_Vatto
P 521.9047, -1109.5757, 45.7410,  0, 0, 0,  2,  Za`Aknila_Kingi
P 475.7836, -1019.9853, 39.3294,  0, 0, 0,  2,  Glimmar_Kimari
P 448.2862, -947.5527, 35.0939,  0, 0, 0,  2,  Wakkadon_Kowi
P 440.6040, -960.8414, 35.5895,  0, 0, 0,  2,  Wakkadon_Loupe
P 624.6979, -930.5255, 34.0422,  0, 0, 0,  2,  Wakkadon_Foxia
P 596.6971, -1039.6371, 36.6872,  0, 0, 0,  2,  Minoa_Perla
P 485.2817, -872.4355, 36.0138,  0, 0, 0,  2,  Minoa_Alectra_(Roam)
P 522.6227, -882.1761, 35.4583,  0, 0, 0,  2,  Kirara
P 530.0756, -881.2306, 35.5681,  0, 0, 0,  2,  Shippo
P 574.1630, -889.1454, 36.7203,  0, 0, 0,  2,  Wakkadon_Orin
P 550.9650, -936.4244, 35.3334,  0, 0, 0,  2,  Glimmar_Lilo
P 596.8231, -912.7020, 36.0070,  0, 0, 0,  2,  Wakkadon_Himtaro
P 596.6169, -1458.4950, 35.9927,  0, 0, 0,  2,  Moxo
P 699.6833, -1592.7693, 36.6182,  0, 0, 0,  2,  Panya
P 661.2298, -1620.2133, 37.6753,  0, 0, 0,  2,  Luti_(Roam)
P 633.5153, -1648.4043, 36.3967,  0, 0, 0,  2,  Za`Aknita_Jolla
P 589.7269, -1623.1923, 36.5655,  0, 0, 0,  2,  Blim
P 564.5309, -1553.0199, 38.3748,  0, 0, 0,  2,  Pikatu
P 599.2422, -1466.4441, 35.2763,  0, 0, 0,  2,  Frami_(Roam)
P 604.1808, -1536.5348, 37.1487,  0, 0, 0,  2,  Nikao_Storia
P 639.1846, -1820.6924, 32.9183,  0, 0, 0,  2,  Carino
P 630.4991, -1824.3063, 32.5708,  0, 0, 0,  2,  Pollito
P 655.0825, -1800.5801, 35.1437,  0, 0, 0,  2,  Denni
P 506.2006, -1304.1537, 36.5655,  0, 0, 0,  2,  Nikao_Lingwa
P 579.9361, -1231.8086, 39.2916,  0, 0, 0,  2,  Glimmar_Sunni
P 805.7078, -1345.1498, 60.0645,  0, 0, 0,  2,  Drifter_Minki
P 807.4554, -1335.0214, 60.2907,  0, 0, 0,  2,  Drifter_Rinki
P 772.3569, -1210.8993, 59.2243,  0, 0, 0,  2,  Za`Aknila_Kweena
P 710.8834, -1185.3744, 63.2916,  0, 0, 0,  2,  Solio
P 638.2297, -1157.1858, 35.2384,  0, 0, 0,  2,  Marshee_Raisin
P 630.1595, -1153.9080, 35.4459,  0, 0, 0,  2,  Wakkadon_Tyla
P 628.8701, -1162.0337, 35.9131,  0, 0, 0,  2,  Wakkadon_Shou
P 457.8955, -1143.1685, 39.9773,  0, 0, 0,  2,  Glimmar_Chiki
P 461.7859, -1151.4617, 39.4858,  0, 0, 0,  2,  Glimmar_Awori
P 729.5071, -1566.9269, 36.4018,  0, 0, 0,  2,  Birria_(Roam)
P 616.0944, -1846.0564, 48.9027,  0, 0, 0,  2,  Bijou
P 634.9980, -1790.1366, 69.3340,  0, 0, 0,  2,  Mosco
P 780.9740, -1376.4115, 39.3490,  0, 0, 0,  2,  Nikao_Kiffin
P 672.1631, -1146.0397, 37.8064,  240, 240, 240,  2,  Orange_Gem_(click_rocks)
P -52.5166, -1318.3522, -43.3612,  0, 0, 240,  1,  GS:_Cinder_Chanterelle
P 522.0110, -1686.1713, -38.0760,  127, 64, 0,  2,  Bedrock_Burrower_(Hunter,Roam)
P 406.8265, -1633.2129, 66.4744,  127, 64, 0,  2,  Igneous_Insect_(Hunter)
P -86.9101, -1161.3025, 61.1349,  127, 64, 0,  2,  Igneous_Insect_(Hunter)
P -139.8443, -168.9858, -0.1736,  127, 64, 0,  2,  Diabo_Xi_Vesta_(Hunter)
P 162.7881, -2535.0911, 7.8348,  127, 64, 0,  2,  Fowl_Matriarch_(Hunter)
P -137.5759, -2147.2620, -38.9999,  127, 64, 0,  2,  Bedrock_Burrower_(Hunter,Roam)
P -130.0020, -1690.3030, 55.4510,  127, 64, 0,  2,  Firefalllizard_(Hunter)
P 158.9551, -1436.1353, 68.8277,  127, 64, 0,  2,  Igneous_Insect_(Hunter)
P 167.4102, -1372.7123, -55.4919,  127, 64, 0,  2,  Rock_Lobber_(Hunter)
P -166.8405, -1247.7035, 69.2514,  240, 240, 240,  2,  .
P 344.2993, -1804.5376, 65.3146,  240, 240, 240,  2,  .
P -47.6217, -613.5840, 1.3164,  240, 240, 240,  2,  .
P -102.7640, -777.9150, -1.5156,  240, 240, 240,  1,  .
P -292.8984, -1346.4551, 63.7279,  240, 240, 240,  1,  .
P -55.3600, -1938.5204, 67.2963,  240, 240, 240,  1,  .
P -21.9415, -2242.3130, -1.2006,  240, 240, 240,  1,  .
P -87.1850, -1676.7367, 58.5759,  240, 240, 240,  1,  .
P -240.9005, -1342.9434, -35.6193,  240, 240, 240,  2,  .