L 1000.0, 0.0, 0.0, 1000.0, -50.0, 0.0, 255, 0, 0
L -20.0, 50.0, 0.0, -50.0, 20.0, 0.0, 255, 0, 0
L 50.0, 20.0, 0.0, 20.0, 50.0, 0.0, 255, 0, 0
L 20.0, -50.0, 0.0, 50.0, -20.0, 0.0, 255, 0, 0
L -50.0, -20.0, 0.0, -20.0, -50.0, 0.0, 255, 0, 0
L -50.0, 20.0, 0.0, -50.0, -20.0, 0.0, 255, 0, 0
L 20.0, 50.0, 0.0, -20.0, 50.0, 0.0, 255, 0, 0
L 50.0, -20.0, 0.0, 50.0, 20.0, 0.0, 255, 0, 0
L -20.0, -50.0, 0.0, 20.0, -50.0, 0.0, 255, 0, 0
L 580.0, -20.0, 0.0, 540.0, -20.0, 0.0, 255, 0, 0
L 580.0, -90.0, 0.0, 580.0, -20.0, 0.0, 255, 0, 0
L 540.0, -90.0, 0.0, 580.0, -90.0, 0.0, 255, 0, 0
L 540.0, -20.0, 0.0, 540.0, -90.0, 0.0, 255, 0, 0
L 520.0, -20.0, 0.0, 480.0, -20.0, 0.0, 255, 0, 0
L 520.0, -90.0, 0.0, 520.0, -20.0, 0.0, 255, 0, 0
L 480.0, -90.0, 0.0, 520.0, -90.0, 0.0, 255, 0, 0
L 480.0, -20.0, 0.0, 480.0, -90.0, 0.0, 255, 0, 0
L 460.0, -90.0, 0.0, 450.0, -80.0, 0.0, 255, 0, 0
L 460.0, -20.0, 0.0, 460.0, -90.0, 0.0, 255, 0, 0
L 0.0, -250.0, 0.0, 0.0, 250.0, 0.0, 255, 0, 0
L -250.0, 0.0, 0.0, 1000.0, 0.0, 0.0, 255, 0, 0
L -120.0, -80.0, 0.0, -120.0, -60.0, 0.0, 255, 0, 0
L -120.0, -60.0, 0.0, -120.0, -40.0, 0.0, 255, 0, 0
L -100.0, -60.0, 0.0, -120.0, -60.0, 0.0, 255, 0, 0
L -120.0, -60.0, 0.0, -140.0, -60.0, 0.0, 255, 0, 0
L -90.0, -50.0, 0.0, -100.0, -30.0, 0.0, 255, 0, 0
L -60.0, -80.0, 0.0, -60.0, -60.0, 0.0, 255, 0, 0
L -60.0, -60.0, 0.0, -60.0, -40.0, 0.0, 255, 0, 0
L -40.0, -60.0, 0.0, -60.0, -60.0, 0.0, 255, 0, 0
L -60.0, -60.0, 0.0, -80.0, -60.0, 0.0, 255, 0, 0
L 100.0, 60.0, 0.0, 120.0, 60.0, 0.0, 255, 0, 0
L 120.0, 60.0, 0.0, 140.0, 60.0, 0.0, 255, 0, 0
L 90.0, 70.0, 0.0, 80.0, 90.0, 0.0, 255, 0, 0
L 40.0, 60.0, 0.0, 60.0, 60.0, 0.0, 255, 0, 0
L 60.0, 60.0, 0.0, 80.0, 60.0, 0.0, 255, 0, 0
L -100.0, 60.0, 0.0, -120.0, 60.0, 0.0, 255, 0, 0
L -120.0, 60.0, 0.0, -140.0, 60.0, 0.0, 255, 0, 0
L -90.0, 70.0, 0.0, -100.0, 90.0, 0.0, 255, 0, 0
L -60.0, 80.0, 0.0, -60.0, 60.0, 0.0, 255, 0, 0
L -60.0, 60.0, 0.0, -60.0, 40.0, 0.0, 255, 0, 0
L -40.0, 60.0, 0.0, -60.0, 60.0, 0.0, 255, 0, 0
L -60.0, 60.0, 0.0, -80.0, 60.0, 0.0, 255, 0, 0
L 100.0, -60.0, 0.0, 120.0, -60.0, 0.0, 255, 0, 0
L 120.0, -60.0, 0.0, 140.0, -60.0, 0.0, 255, 0, 0
L 90.0, -50.0, 0.0, 80.0, -30.0, 0.0, 255, 0, 0
L 60.0, -80.0, 0.0, 60.0, -60.0, 0.0, 255, 0, 0
L 60.0, -60.0, 0.0, 60.0, -40.0, 0.0, 255, 0, 0
L 40.0, -60.0, 0.0, 60.0, -60.0, 0.0, 255, 0, 0
L 60.0, -60.0, 0.0, 80.0, -60.0, 0.0, 255, 0, 0
L 599.0, -90.0, 0.0, 637.3, -90.0, 0.0, 255, 0, 0
L 599.0, -20.0, 0.0, 637.3, -20.0, 0.0, 255, 0, 0
L 599.0, -90.0, 0.0, 599.0, -20.0, 0.0, 255, 0, 0
L 637.3, -90.0, 0.0, 637.3, -20.0, 0.0, 255, 0, 0
L 1000, 0, 0, 1000, 60, 0, 0, 0, 0
L 1040, 60, 0, 1000, 60, 0, 0, 0, 0
L 1060, 30, 0, 1090, 30, 0, 0, 0, 0
L 1060, 60, 0, 1090, 60, 0, 0, 0, 0
L 1060, 0, 0, 1060, 60, 0, 0, 0, 0
L 1090, 0, 0, 1060, 0, 0, 0, 0, 0
L 1140, 60, 0, 1110, 60, 0, 0, 0, 0
L 1110, 0, 0, 1140, 0, 0, 0, 0, 0
L 1110, 60, 0, 1110, 0, 0, 0, 0, 0
L 1140, 60, 0, 1140, 30, 0, 0, 0, 0
L 1140, 30, 0, 1120, 30, 0, 0, 0, 0
L 1160, 30, 0, 1190, 30, 0, 0, 0, 0
L 1160, 60, 0, 1190, 60, 0, 0, 0, 0
L 1160, 0, 0, 1160, 60, 0, 0, 0, 0
L 1190, 0, 0, 1160, 0, 0, 0, 0, 0
L 1240, 60, 0, 1240, 0, 0, 0, 0, 0
L 1210, 0, 0, 1240, 60, 0, 0, 0, 0
L 1210, 60, 0, 1210, 0, 0, 0, 0, 0
L 1270, 60, 0, 1270, 0, 0, 0, 0, 0
L 1280, 60, 0, 1260, 60, 0, 0, 0, 0
L 1290, 30, 0, 1280, 60, 0, 0, 0, 0
L 1280, 0, 0, 1290, 30, 0, 0, 0, 0
L 1260, 0, 0, 1280, 0, 0, 0, 0, 0
L 1000, 170, 0, 1060, 170, 0, 0, 0, 0
L 1000, 90, 0, 1060, 90, 0, 0, 0, 0
L 1030, 143, 0, 1030, 117, 0, 205, 133, 63
L 1060, 170, 0, 1120, 170, 0, 0, 0, 0
L 1060, 170, 0, 1060, 143, 0, 205, 133, 63
L 1030, 143, 0, 1090, 143, 0, 205, 133, 63
L 1030, 117, 0, 1060, 117, 0, 205, 133, 63
L 1060, 117, 0, 1090, 117, 0, 205, 133, 63
L 1060, 90, 0, 1120, 90, 0, 0, 0, 0
L 1060, 117, 0, 1060, 90, 0, 205, 133, 63
L 1090, 143, 0, 1090, 117, 0, 205, 133, 63
L 1170, 160, 0, 1170, 100, 0, 0, 0, 0
L 1180, 160, 0, 1160, 160, 0, 0, 0, 0
L 1190, 130, 0, 1180, 160, 0, 0, 0, 0
L 1180, 100, 0, 1190, 130, 0, 0, 0, 0
L 1160, 100, 0, 1180, 100, 0, 0, 0, 0
L 1210, 100, 0, 1240, 100, 0, 0, 0, 0
L 1210, 160, 0, 1240, 160, 0, 0, 0, 0
L 1210, 100, 0, 1210, 160, 0, 0, 0, 0
L 1240, 100, 0, 1240, 160, 0, 0, 0, 0
L 1260, 100, 0, 1290, 100, 0, 0, 0, 0
L 1260, 160, 0, 1290, 160, 0, 0, 0, 0
L 1260, 100, 0, 1260, 160, 0, 0, 0, 0
L 1290, 100, 0, 1290, 160, 0, 0, 0, 0
L 1310, 100, 0, 1310, 130, 0, 0, 0, 0
L 1310, 130, 0, 1310, 160, 0, 0, 0, 0
L 1310, 130, 0, 1330, 130, 0, 0, 0, 0
L 1350, 130, 0, 1350, 100, 0, 0, 0, 0
L 1310, 100, 0, 1350, 100, 0, 0, 0, 0
L 1330, 130, 0, 1350, 130, 0, 0, 0, 0
L 1350, 160, 0, 1330, 130, 0, 0, 0, 0
L 1000, 290, 0, 1060, 290, 0, 0, 0, 0
L 1000, 210, 0, 1060, 210, 0, 0, 0, 0
L 1030, 263, 0, 1030, 237, 0, 255, 255, 0
L 1060, 290, 0, 1120, 290, 0, 0, 0, 0
L 1060, 290, 0, 1060, 263, 0, 255, 255, 0
L 1030, 263, 0, 1090, 263, 0, 255, 255, 0
L 1030, 237, 0, 1060, 237, 0, 255, 255, 0
L 1060, 237, 0, 1090, 237, 0, 255, 255, 0
L 1060, 210, 0, 1120, 210, 0, 0, 0, 0
L 1060, 237, 0, 1060, 210, 0, 255, 255, 0
L 1090, 263, 0, 1090, 237, 0, 255, 255, 0
L 1160, 220, 0, 1160, 280, 0, 0, 0, 0
L 1200, 280, 0, 1160, 280, 0, 0, 0, 0
L 1220, 220, 0, 1250, 220, 0, 0, 0, 0
L 1220, 280, 0, 1250, 280, 0, 0, 0, 0
L 1220, 220, 0, 1220, 280, 0, 0, 0, 0
L 1250, 220, 0, 1250, 280, 0, 0, 0, 0
L 1300, 280, 0, 1270, 280, 0, 0, 0, 0
L 1270, 220, 0, 1300, 220, 0, 0, 0, 0
L 1270, 280, 0, 1270, 220, 0, 0, 0, 0
L 1320, 220, 0, 1320, 250, 0, 0, 0, 0
L 1320, 250, 0, 1320, 280, 0, 0, 0, 0
L 1320, 250, 0, 1360, 280, 0, 0, 0, 0
L 1320, 250, 0, 1360, 220, 0, 0, 0, 0
L 1380, 250, 0, 1410, 250, 0, 0, 0, 0
L 1380, 280, 0, 1410, 280, 0, 0, 0, 0
L 1380, 220, 0, 1380, 280, 0, 0, 0, 0
L 1410, 220, 0, 1380, 220, 0, 0, 0, 0
L 1440, 280, 0, 1440, 220, 0, 0, 0, 0
L 1450, 280, 0, 1430, 280, 0, 0, 0, 0
L 1460, 250, 0, 1450, 280, 0, 0, 0, 0
L 1450, 220, 0, 1460, 250, 0, 0, 0, 0
L 1430, 220, 0, 1450, 220, 0, 0, 0, 0
L 1550, 280, 0, 1550, 220, 0, 0, 0, 0
L 1560, 280, 0, 1540, 280, 0, 0, 0, 0
L 1570, 250, 0, 1560, 280, 0, 0, 0, 0
L 1560, 220, 0, 1570, 250, 0, 0, 0, 0
L 1540, 220, 0, 1560, 220, 0, 0, 0, 0
L 1590, 220, 0, 1620, 220, 0, 0, 0, 0
L 1590, 280, 0, 1620, 280, 0, 0, 0, 0
L 1590, 220, 0, 1590, 280, 0, 0, 0, 0
L 1620, 220, 0, 1620, 280, 0, 0, 0, 0
L 1640, 220, 0, 1670, 220, 0, 0, 0, 0
L 1640, 280, 0, 1670, 280, 0, 0, 0, 0
L 1640, 220, 0, 1640, 280, 0, 0, 0, 0
L 1670, 220, 0, 1670, 280, 0, 0, 0, 0
L 1690, 220, 0, 1690, 250, 0, 0, 0, 0
L 1690, 250, 0, 1690, 280, 0, 0, 0, 0
L 1690, 250, 0, 1710, 250, 0, 0, 0, 0
L 1730, 250, 0, 1730, 220, 0, 0, 0, 0
L 1690, 220, 0, 1730, 220, 0, 0, 0, 0
L 1710, 250, 0, 1730, 250, 0, 0, 0, 0
L 1730, 280, 0, 1710, 250, 0, 0, 0, 0
L 1000, 330, 0, 1000, 360, 0, 255, 210, 0
L 1000, 330, 0, 1020, 330, 0, 255, 210, 0
L 1020, 390, 0, 1000, 390, 0, 255, 210, 0
L 1000, 360, 0, 1000, 390, 0, 255, 210, 0
L 1020, 360, 0, 1000, 360, 0, 255, 210, 0
L 1020, 360, 0, 1040, 345, 0, 255, 210, 0
L 1020, 330, 0, 1040, 345, 0, 255, 210, 0
L 1020, 360, 0, 1040, 375, 0, 255, 210, 0
L 1040, 375, 0, 1020, 390, 0, 255, 210, 0
L 1070, 360, 0, 1090, 360, 0, 255, 210, 0
L 1080, 330, 0, 1100, 390, 0, 255, 210, 0
L 1060, 390, 0, 1080, 330, 0, 255, 210, 0
L 1150, 390, 0, 1150, 330, 0, 255, 210, 0
L 1120, 330, 0, 1150, 390, 0, 255, 210, 0
L 1120, 390, 0, 1120, 330, 0, 255, 210, 0
L 1170, 330, 0, 1170, 360, 0, 255, 210, 0
L 1170, 360, 0, 1170, 390, 0, 255, 210, 0
L 1170, 360, 0, 1210, 390, 0, 255, 210, 0
L 1170, 360, 0, 1210, 330, 0, 255, 210, 0
L 1230, 360, 0, 1260, 360, 0, 255, 210, 0
L 1230, 390, 0, 1260, 390, 0, 255, 210, 0
L 1230, 330, 0, 1230, 390, 0, 255, 210, 0
L 1260, 330, 0, 1230, 330, 0, 255, 210, 0
L 1280, 330, 0, 1280, 360, 0, 255, 210, 0
L 1280, 360, 0, 1280, 390, 0, 255, 210, 0
L 1280, 360, 0, 1300, 360, 0, 255, 210, 0
L 1320, 360, 0, 1320, 330, 0, 255, 210, 0
L 1280, 330, 0, 1320, 330, 0, 255, 210, 0
L 1300, 360, 0, 1320, 360, 0, 255, 210, 0
L 1320, 390, 0, 1300, 360, 0, 255, 210, 0
L 1030, 480, 0, 1000, 480, 0, 255, 255, 255
L 1000, 420, 0, 1030, 420, 0, 255, 255, 255
L 1000, 480, 0, 1000, 420, 0, 255, 255, 255
L 1050, 420, 0, 1080, 420, 0, 255, 255, 255
L 1050, 480, 0, 1080, 480, 0, 255, 255, 255
L 1050, 420, 0, 1050, 480, 0, 255, 255, 255
L 1080, 420, 0, 1080, 480, 0, 255, 255, 255
L 1140, 420, 0, 1140, 480, 0, 255, 255, 255
L 1120, 450, 0, 1140, 420, 0, 255, 255, 255
L 1100, 420, 0, 1120, 450, 0, 255, 255, 255
L 1100, 480, 0, 1100, 420, 0, 255, 255, 255
L 1200, 420, 0, 1200, 480, 0, 255, 255, 255
L 1180, 450, 0, 1200, 420, 0, 255, 255, 255
L 1160, 420, 0, 1180, 450, 0, 255, 255, 255
L 1160, 480, 0, 1160, 420, 0, 255, 255, 255
L 1220, 450, 0, 1250, 450, 0, 255, 255, 255
L 1220, 480, 0, 1250, 480, 0, 255, 255, 255
L 1220, 420, 0, 1220, 480, 0, 255, 255, 255
L 1250, 420, 0, 1220, 420, 0, 255, 255, 255
L 1300, 480, 0, 1300, 420, 0, 255, 255, 255
L 1270, 420, 0, 1300, 480, 0, 255, 255, 255
L 1270, 480, 0, 1270, 420, 0, 255, 255, 255
L 1340, 420, 0, 1340, 480, 0, 255, 255, 255
L 1320, 420, 0, 1360, 420, 0, 255, 255, 255
L 1030, 570, 0, 1000, 570, 0, 0, 0, 0
L 1000, 510, 0, 1030, 510, 0, 0, 0, 0
L 1000, 570, 0, 1000, 510, 0, 0, 0, 0
L 1030, 570, 0, 1030, 540, 0, 0, 0, 0
L 1030, 540, 0, 1010, 540, 0, 0, 0, 0
L 1050, 540, 0, 1080, 540, 0, 0, 0, 0
L 1050, 570, 0, 1080, 570, 0, 0, 0, 0
L 1050, 510, 0, 1050, 570, 0, 0, 0, 0
L 1080, 510, 0, 1050, 510, 0, 0, 0, 0
L 1130, 570, 0, 1130, 510, 0, 0, 0, 0
L 1100, 510, 0, 1130, 570, 0, 0, 0, 0
L 1100, 570, 0, 1100, 510, 0, 0, 0, 0
L 1150, 540, 0, 1180, 540, 0, 0, 0, 0
L 1150, 570, 0, 1180, 570, 0, 0, 0, 0
L 1150, 510, 0, 1150, 570, 0, 0, 0, 0
L 1180, 510, 0, 1150, 510, 0, 0, 0, 0
L 1200, 510, 0, 1200, 540, 0, 0, 0, 0
L 1200, 540, 0, 1200, 570, 0, 0, 0, 0
L 1200, 540, 0, 1220, 540, 0, 0, 0, 0
L 1240, 540, 0, 1240, 510, 0, 0, 0, 0
L 1200, 510, 0, 1240, 510, 0, 0, 0, 0
L 1220, 540, 0, 1240, 540, 0, 0, 0, 0
L 1240, 570, 0, 1220, 540, 0, 0, 0, 0
L 1270, 540, 0, 1290, 540, 0, 0, 0, 0
L 1280, 510, 0, 1300, 570, 0, 0, 0, 0
L 1260, 570, 0, 1280, 510, 0, 0, 0, 0
L 1320, 510, 0, 1320, 570, 0, 0, 0, 0
L 1360, 570, 0, 1320, 570, 0, 0, 0, 0
L 1030, 660, 0, 1000, 660, 0, 0, 0, 255
L 1000, 600, 0, 1030, 600, 0, 0, 0, 255
L 1000, 660, 0, 1000, 600, 0, 0, 0, 255
L 1030, 660, 0, 1030, 630, 0, 0, 0, 255
L 1030, 630, 0, 1010, 630, 0, 0, 0, 255
L 1050, 600, 0, 1050, 630, 0, 0, 0, 255
L 1050, 630, 0, 1050, 660, 0, 0, 0, 255
L 1050, 630, 0, 1070, 630, 0, 0, 0, 255
L 1090, 630, 0, 1090, 600, 0, 0, 0, 255
L 1050, 600, 0, 1090, 600, 0, 0, 0, 255
L 1070, 630, 0, 1090, 630, 0, 0, 0, 255
L 1090, 660, 0, 1070, 630, 0, 0, 0, 255
L 1110, 600, 0, 1140, 600, 0, 0, 0, 255
L 1110, 660, 0, 1140, 660, 0, 0, 0, 255
L 1110, 600, 0, 1110, 660, 0, 0, 0, 255
L 1140, 600, 0, 1140, 660, 0, 0, 0, 255
L 1200, 600, 0, 1200, 660, 0, 0, 0, 255
L 1160, 600, 0, 1160, 660, 0, 0, 0, 255
L 1160, 660, 0, 1200, 660, 0, 0, 0, 255
L 1250, 660, 0, 1250, 600, 0, 0, 0, 255
L 1220, 600, 0, 1250, 660, 0, 0, 0, 255
L 1220, 660, 0, 1220, 600, 0, 0, 0, 255
L 1280, 660, 0, 1280, 600, 0, 0, 0, 255
L 1290, 660, 0, 1270, 660, 0, 0, 0, 255
L 1300, 630, 0, 1290, 660, 0, 0, 0, 255
L 1290, 600, 0, 1300, 630, 0, 0, 0, 255
L 1270, 600, 0, 1290, 600, 0, 0, 0, 255
L 1380, 600, 0, 1380, 630, 0, 0, 0, 255
L 1380, 660, 0, 1420, 660, 0, 0, 0, 255
L 1420, 630, 0, 1380, 630, 0, 0, 0, 255
L 1380, 600, 0, 1420, 600, 0, 0, 0, 255
L 1420, 630, 0, 1420, 660, 0, 0, 0, 255
L 1470, 630, 0, 1440, 630, 0, 0, 0, 255
L 1470, 600, 0, 1470, 630, 0, 0, 0, 255
L 1440, 600, 0, 1470, 600, 0, 0, 0, 255
L 1440, 660, 0, 1440, 600, 0, 0, 0, 255
L 1500, 630, 0, 1520, 630, 0, 0, 0, 255
L 1510, 600, 0, 1530, 660, 0, 0, 0, 255
L 1490, 660, 0, 1510, 600, 0, 0, 0, 255
L 1580, 660, 0, 1590, 600, 0, 0, 0, 255
L 1570, 630, 0, 1580, 660, 0, 0, 0, 255
L 1560, 660, 0, 1570, 630, 0, 0, 0, 255
L 1550, 600, 0, 1560, 660, 0, 0, 0, 255
L 1640, 660, 0, 1640, 600, 0, 0, 0, 255
L 1610, 600, 0, 1640, 660, 0, 0, 0, 255
L 1610, 660, 0, 1610, 600, 0, 0, 0, 255
L 1030, 750, 0, 1000, 750, 0, 128, 128, 128
L 1000, 690, 0, 1030, 690, 0, 128, 128, 128
L 1000, 750, 0, 1000, 690, 0, 128, 128, 128
L 1030, 750, 0, 1030, 720, 0, 128, 128, 128
L 1030, 720, 0, 1010, 720, 0, 128, 128, 128
L 1090, 690, 0, 1090, 750, 0, 128, 128, 128
L 1050, 690, 0, 1050, 750, 0, 128, 128, 128
L 1050, 750, 0, 1090, 750, 0, 128, 128, 128
L 1110, 690, 0, 1110, 750, 0, 128, 128, 128
L 1130, 690, 0, 1130, 750, 0, 128, 128, 128
L 1170, 750, 0, 1130, 750, 0, 128, 128, 128
L 1200, 750, 0, 1200, 690, 0, 128, 128, 128
L 1210, 750, 0, 1190, 750, 0, 128, 128, 128
L 1220, 720, 0, 1210, 750, 0, 128, 128, 128
L 1210, 690, 0, 1220, 720, 0, 128, 128, 128
L 1190, 690, 0, 1210, 690, 0, 128, 128, 128
L 1340, 690, 0, 1340, 750, 0, 128, 128, 128
L 1320, 720, 0, 1340, 690, 0, 128, 128, 128
L 1300, 690, 0, 1320, 720, 0, 128, 128, 128
L 1300, 750, 0, 1300, 690, 0, 128, 128, 128
L 1370, 720, 0, 1390, 720, 0, 128, 128, 128
L 1380, 690, 0, 1400, 750, 0, 128, 128, 128
L 1360, 750, 0, 1380, 690, 0, 128, 128, 128
L 1420, 690, 0, 1420, 720, 0, 128, 128, 128
L 1420, 750, 0, 1460, 750, 0, 128, 128, 128
L 1460, 720, 0, 1420, 720, 0, 128, 128, 128
L 1420, 690, 0, 1460, 690, 0, 128, 128, 128
L 1460, 720, 0, 1460, 750, 0, 128, 128, 128
L 1500, 690, 0, 1500, 750, 0, 128, 128, 128
L 1480, 690, 0, 1520, 690, 0, 128, 128, 128
L 1540, 720, 0, 1570, 720, 0, 128, 128, 128
L 1540, 750, 0, 1570, 750, 0, 128, 128, 128
L 1540, 690, 0, 1540, 750, 0, 128, 128, 128
L 1570, 690, 0, 1540, 690, 0, 128, 128, 128
L 1590, 690, 0, 1590, 720, 0, 128, 128, 128
L 1590, 720, 0, 1590, 750, 0, 128, 128, 128
L 1590, 720, 0, 1610, 720, 0, 128, 128, 128
L 1630, 720, 0, 1630, 690, 0, 128, 128, 128
L 1590, 690, 0, 1630, 690, 0, 128, 128, 128
L 1610, 720, 0, 1630, 720, 0, 128, 128, 128
L 1630, 750, 0, 1610, 720, 0, 128, 128, 128
L 1000, 780, 0, 1000, 810, 0, 127, 64, 0
L 1040, 840, 0, 1040, 810, 0, 127, 64, 0
L 1000, 810, 0, 1000, 840, 0, 127, 64, 0
L 1040, 810, 0, 1040, 780, 0, 127, 64, 0
L 1000, 810, 0, 1040, 810, 0, 127, 64, 0
L 1100, 780, 0, 1100, 840, 0, 127, 64, 0
L 1060, 780, 0, 1060, 840, 0, 127, 64, 0
L 1060, 840, 0, 1100, 840, 0, 127, 64, 0
L 1150, 840, 0, 1150, 780, 0, 127, 64, 0
L 1120, 780, 0, 1150, 840, 0, 127, 64, 0
L 1120, 840, 0, 1120, 780, 0, 127, 64, 0
L 1190, 780, 0, 1190, 840, 0, 127, 64, 0
L 1170, 780, 0, 1210, 780, 0, 127, 64, 0
L 1230, 810, 0, 1260, 810, 0, 127, 64, 0
L 1230, 840, 0, 1260, 840, 0, 127, 64, 0
L 1230, 780, 0, 1230, 840, 0, 127, 64, 0
L 1260, 780, 0, 1230, 780, 0, 127, 64, 0
L 1280, 780, 0, 1280, 810, 0, 127, 64, 0
L 1280, 810, 0, 1280, 840, 0, 127, 64, 0
L 1280, 810, 0, 1300, 810, 0, 127, 64, 0
L 1320, 810, 0, 1320, 780, 0, 127, 64, 0
L 1280, 780, 0, 1320, 780, 0, 127, 64, 0
L 1300, 810, 0, 1320, 810, 0, 127, 64, 0
L 1320, 840, 0, 1300, 810, 0, 127, 64, 0
L 1040, 870, 0, 1040, 930, 0, 0, 127, 0
L 1020, 900, 0, 1040, 870, 0, 0, 127, 0
L 1000, 870, 0, 1020, 900, 0, 0, 127, 0
L 1000, 930, 0, 1000, 870, 0, 0, 127, 0
L 1060, 900, 0, 1090, 900, 0, 0, 127, 0
L 1060, 930, 0, 1090, 930, 0, 0, 127, 0
L 1060, 870, 0, 1060, 930, 0, 0, 127, 0
L 1090, 870, 0, 1060, 870, 0, 0, 127, 0
L 1110, 870, 0, 1110, 900, 0, 0, 127, 0
L 1110, 900, 0, 1110, 930, 0, 0, 127, 0
L 1110, 900, 0, 1130, 900, 0, 0, 127, 0
L 1150, 900, 0, 1150, 870, 0, 0, 127, 0
L 1110, 870, 0, 1150, 870, 0, 0, 127, 0
L 1130, 900, 0, 1150, 900, 0, 0, 127, 0
L 1150, 930, 0, 1130, 900, 0, 0, 127, 0
L 1200, 930, 0, 1170, 930, 0, 0, 127, 0
L 1170, 870, 0, 1200, 870, 0, 0, 127, 0
L 1170, 930, 0, 1170, 870, 0, 0, 127, 0
L 1220, 870, 0, 1220, 900, 0, 0, 127, 0
L 1260, 930, 0, 1260, 900, 0, 0, 127, 0
L 1220, 900, 0, 1220, 930, 0, 0, 127, 0
L 1260, 900, 0, 1260, 870, 0, 0, 127, 0
L 1220, 900, 0, 1260, 900, 0, 0, 127, 0
L 1290, 900, 0, 1310, 900, 0, 0, 127, 0
L 1300, 870, 0, 1320, 930, 0, 0, 127, 0
L 1280, 930, 0, 1300, 870, 0, 0, 127, 0
L 1370, 930, 0, 1370, 870, 0, 0, 127, 0
L 1340, 870, 0, 1370, 930, 0, 0, 127, 0
L 1340, 930, 0, 1340, 870, 0, 0, 127, 0
L 1410, 870, 0, 1410, 930, 0, 0, 127, 0
L 1390, 870, 0, 1430, 870, 0, 0, 127, 0
L 1040, 960, 0, 1040, 1020, 0, 0, 127, 127
L 1020, 990, 0, 1040, 960, 0, 0, 127, 127
L 1000, 960, 0, 1020, 990, 0, 0, 127, 127
L 1000, 1020, 0, 1000, 960, 0, 0, 127, 127
L 1060, 960, 0, 1060, 1020, 0, 0, 127, 127
L 1080, 960, 0, 1080, 990, 0, 0, 127, 127
L 1080, 1020, 0, 1120, 1020, 0, 0, 127, 127
L 1120, 990, 0, 1080, 990, 0, 0, 127, 127
L 1080, 960, 0, 1120, 960, 0, 0, 127, 127
L 1120, 990, 0, 1120, 1020, 0, 0, 127, 127
L 1140, 960, 0, 1140, 990, 0, 0, 127, 127
L 1140, 1020, 0, 1180, 1020, 0, 0, 127, 127
L 1180, 990, 0, 1140, 990, 0, 0, 127, 127
L 1140, 960, 0, 1180, 960, 0, 0, 127, 127
L 1180, 990, 0, 1180, 1020, 0, 0, 127, 127
L 1200, 960, 0, 1200, 1020, 0, 0, 127, 127
L 1220, 960, 0, 1250, 960, 0, 0, 127, 127
L 1220, 1020, 0, 1250, 1020, 0, 0, 127, 127
L 1220, 960, 0, 1220, 1020, 0, 0, 127, 127
L 1250, 960, 0, 1250, 1020, 0, 0, 127, 127
L 1300, 1020, 0, 1300, 960, 0, 0, 127, 127
L 1270, 960, 0, 1300, 1020, 0, 0, 127, 127
L 1270, 1020, 0, 1270, 960, 0, 0, 127, 127
L 1030, 1110, 0, 1030, 1050, 0, 127, 64, 0
L 1000, 1050, 0, 1030, 1110, 0, 127, 64, 0
L 1000, 1110, 0, 1000, 1050, 0, 127, 64, 0
L 1060, 1080, 0, 1080, 1080, 0, 127, 64, 0
L 1070, 1050, 0, 1090, 1110, 0, 127, 64, 0
L 1050, 1110, 0, 1070, 1050, 0, 127, 64, 0
L 1150, 1050, 0, 1150, 1110, 0, 127, 64, 0
L 1130, 1080, 0, 1150, 1050, 0, 127, 64, 0
L 1110, 1050, 0, 1130, 1080, 0, 127, 64, 0
L 1110, 1110, 0, 1110, 1050, 0, 127, 64, 0
L 1170, 1080, 0, 1200, 1080, 0, 127, 64, 0
L 1170, 1110, 0, 1200, 1110, 0, 127, 64, 0
L 1170, 1050, 0, 1170, 1110, 0, 127, 64, 0
L 1200, 1050, 0, 1170, 1050, 0, 127, 64, 0
L 1230, 1110, 0, 1230, 1050, 0, 127, 64, 0
L 1240, 1110, 0, 1220, 1110, 0, 127, 64, 0
L 1250, 1080, 0, 1240, 1110, 0, 127, 64, 0
L 1240, 1050, 0, 1250, 1080, 0, 127, 64, 0
L 1220, 1050, 0, 1240, 1050, 0, 127, 64, 0
L 1030, 1170, 0, 1000, 1170, 0, 0, 255, 0
L 1030, 1140, 0, 1030, 1170, 0, 0, 255, 0
L 1000, 1140, 0, 1030, 1140, 0, 0, 255, 0
L 1000, 1200, 0, 1000, 1140, 0, 0, 255, 0
L 1060, 1170, 0, 1080, 1170, 0, 0, 255, 0
L 1070, 1140, 0, 1090, 1200, 0, 0, 255, 0
L 1050, 1200, 0, 1070, 1140, 0, 0, 255, 0
L 1110, 1140, 0, 1110, 1170, 0, 0, 255, 0
L 1110, 1170, 0, 1110, 1200, 0, 0, 255, 0
L 1110, 1170, 0, 1130, 1170, 0, 0, 255, 0
L 1150, 1170, 0, 1150, 1140, 0, 0, 255, 0
L 1110, 1140, 0, 1150, 1140, 0, 0, 255, 0
L 1130, 1170, 0, 1150, 1170, 0, 0, 255, 0
L 1150, 1200, 0, 1130, 1170, 0, 0, 255, 0
L 1200, 1200, 0, 1170, 1200, 0, 0, 255, 0
L 1170, 1140, 0, 1200, 1140, 0, 0, 255, 0
L 1170, 1200, 0, 1170, 1140, 0, 0, 255, 0
L 1220, 1170, 0, 1250, 1170, 0, 0, 255, 0
L 1220, 1200, 0, 1250, 1200, 0, 0, 255, 0
L 1220, 1140, 0, 1220, 1200, 0, 0, 255, 0
L 1250, 1140, 0, 1220, 1140, 0, 0, 255, 0
L 1270, 1140, 0, 1270, 1200, 0, 0, 255, 0
L 1310, 1200, 0, 1270, 1200, 0, 0, 255, 0
L 1330, 1140, 0, 1330, 1170, 0, 0, 255, 0
L 1330, 1200, 0, 1370, 1200, 0, 0, 255, 0
L 1370, 1170, 0, 1330, 1170, 0, 0, 255, 0
L 1330, 1140, 0, 1370, 1140, 0, 0, 255, 0
L 1370, 1170, 0, 1370, 1200, 0, 0, 255, 0
L 1000, 1230, 0, 1000, 1260, 0, 0, 240, 240
L 1000, 1260, 0, 1000, 1290, 0, 0, 240, 240
L 1000, 1260, 0, 1020, 1260, 0, 0, 240, 240
L 1040, 1260, 0, 1040, 1230, 0, 0, 240, 240
L 1000, 1230, 0, 1040, 1230, 0, 0, 240, 240
L 1020, 1260, 0, 1040, 1260, 0, 0, 240, 240
L 1040, 1290, 0, 1020, 1260, 0, 0, 240, 240
L 1070, 1260, 0, 1090, 1260, 0, 0, 240, 240
L 1080, 1230, 0, 1100, 1290, 0, 0, 240, 240
L 1060, 1290, 0, 1080, 1230, 0, 0, 240, 240
L 1120, 1230, 0, 1120, 1290, 0, 0, 240, 240
L 1150, 1290, 0, 1150, 1230, 0, 0, 240, 240
L 1160, 1290, 0, 1140, 1290, 0, 0, 240, 240
L 1170, 1260, 0, 1160, 1290, 0, 0, 240, 240
L 1160, 1230, 0, 1170, 1260, 0, 0, 240, 240
L 1140, 1230, 0, 1160, 1230, 0, 0, 240, 240
L 1000, 1320, 0, 1000, 1350, 0, 0, 255, 0
L 1000, 1380, 0, 1040, 1380, 0, 0, 255, 0
L 1040, 1350, 0, 1000, 1350, 0, 0, 255, 0
L 1000, 1320, 0, 1040, 1320, 0, 0, 255, 0
L 1040, 1350, 0, 1040, 1380, 0, 0, 255, 0
L 1090, 1350, 0, 1060, 1350, 0, 0, 255, 0
L 1090, 1320, 0, 1090, 1350, 0, 0, 255, 0
L 1060, 1320, 0, 1090, 1320, 0, 0, 255, 0
L 1060, 1380, 0, 1060, 1320, 0, 0, 255, 0
L 1110, 1350, 0, 1140, 1350, 0, 0, 255, 0
L 1110, 1380, 0, 1140, 1380, 0, 0, 255, 0
L 1110, 1320, 0, 1110, 1380, 0, 0, 255, 0
L 1140, 1320, 0, 1110, 1320, 0, 0, 255, 0
L 1190, 1380, 0, 1160, 1380, 0, 0, 255, 0
L 1160, 1320, 0, 1190, 1320, 0, 0, 255, 0
L 1160, 1380, 0, 1160, 1320, 0, 0, 255, 0
L 1210, 1320, 0, 1210, 1380, 0, 0, 255, 0
L 1240, 1350, 0, 1260, 1350, 0, 0, 255, 0
L 1250, 1320, 0, 1270, 1380, 0, 0, 255, 0
L 1230, 1380, 0, 1250, 1320, 0, 0, 255, 0
L 1290, 1320, 0, 1290, 1380, 0, 0, 255, 0
L 1330, 1380, 0, 1290, 1380, 0, 0, 255, 0
L 1440, 1380, 0, 1410, 1380, 0, 0, 255, 0
L 1410, 1320, 0, 1440, 1320, 0, 0, 255, 0
L 1410, 1380, 0, 1410, 1320, 0, 0, 255, 0
L 1500, 1320, 0, 1500, 1380, 0, 0, 255, 0
L 1460, 1320, 0, 1460, 1380, 0, 0, 255, 0
L 1460, 1380, 0, 1500, 1380, 0, 0, 255, 0
L 1520, 1320, 0, 1520, 1350, 0, 0, 255, 0
L 1520, 1350, 0, 1520, 1380, 0, 0, 255, 0
L 1520, 1350, 0, 1540, 1350, 0, 0, 255, 0
L 1560, 1350, 0, 1560, 1320, 0, 0, 255, 0
L 1520, 1320, 0, 1560, 1320, 0, 0, 255, 0
L 1540, 1350, 0, 1560, 1350, 0, 0, 255, 0
L 1560, 1380, 0, 1540, 1350, 0, 0, 255, 0
L 1580, 1320, 0, 1580, 1350, 0, 0, 255, 0
L 1580, 1350, 0, 1580, 1380, 0, 0, 255, 0
L 1580, 1350, 0, 1600, 1350, 0, 0, 255, 0
L 1620, 1350, 0, 1620, 1320, 0, 0, 255, 0
L 1580, 1320, 0, 1620, 1320, 0, 0, 255, 0
L 1600, 1350, 0, 1620, 1350, 0, 0, 255, 0
L 1620, 1380, 0, 1600, 1350, 0, 0, 255, 0
L 1640, 1350, 0, 1670, 1350, 0, 0, 255, 0
L 1640, 1380, 0, 1670, 1380, 0, 0, 255, 0
L 1640, 1320, 0, 1640, 1380, 0, 0, 255, 0
L 1670, 1320, 0, 1640, 1320, 0, 0, 255, 0
L 1720, 1380, 0, 1720, 1320, 0, 0, 255, 0
L 1690, 1320, 0, 1720, 1380, 0, 0, 255, 0
L 1690, 1380, 0, 1690, 1320, 0, 0, 255, 0
L 1770, 1380, 0, 1740, 1380, 0, 0, 255, 0
L 1740, 1320, 0, 1770, 1320, 0, 0, 255, 0
L 1740, 1380, 0, 1740, 1320, 0, 0, 255, 0
L 1810, 1350, 0, 1810, 1380, 0, 0, 255, 0
L 1810, 1350, 0, 1830, 1320, 0, 0, 255, 0
L 1790, 1320, 0, 1810, 1350, 0, 0, 255, 0
L 1000, 1410, 0, 1000, 1440, 0, 255, 0, 0
L 1000, 1470, 0, 1040, 1470, 0, 255, 0, 0
L 1040, 1440, 0, 1000, 1440, 0, 255, 0, 0
L 1000, 1410, 0, 1040, 1410, 0, 255, 0, 0
L 1040, 1440, 0, 1040, 1470, 0, 255, 0, 0
L 1100, 1410, 0, 1100, 1470, 0, 255, 0, 0
L 1060, 1410, 0, 1060, 1470, 0, 255, 0, 0
L 1060, 1470, 0, 1100, 1470, 0, 255, 0, 0
L 1150, 1470, 0, 1120, 1470, 0, 255, 0, 0
L 1120, 1410, 0, 1150, 1410, 0, 255, 0, 0
L 1120, 1470, 0, 1120, 1410, 0, 255, 0, 0
L 1200, 1470, 0, 1170, 1470, 0, 255, 0, 0
L 1170, 1410, 0, 1200, 1410, 0, 255, 0, 0
L 1170, 1470, 0, 1170, 1410, 0, 255, 0, 0
L 1220, 1410, 0, 1250, 1410, 0, 255, 0, 0
L 1220, 1470, 0, 1250, 1470, 0, 255, 0, 0
L 1220, 1410, 0, 1220, 1470, 0, 255, 0, 0
L 1250, 1410, 0, 1250, 1470, 0, 255, 0, 0
L 1270, 1410, 0, 1270, 1440, 0, 255, 0, 0
L 1270, 1440, 0, 1270, 1470, 0, 255, 0, 0
L 1270, 1440, 0, 1290, 1440, 0, 255, 0, 0
L 1310, 1440, 0, 1310, 1410, 0, 255, 0, 0
L 1270, 1410, 0, 1310, 1410, 0, 255, 0, 0
L 1290, 1440, 0, 1310, 1440, 0, 255, 0, 0
L 1310, 1470, 0, 1290, 1440, 0, 255, 0, 0
L 1020, 1500, 0, 1020, 1560, 0, 255, 255, 0
L 1000, 1500, 0, 1040, 1500, 0, 255, 255, 0
L 1060, 1530, 0, 1090, 1530, 0, 255, 255, 0
L 1060, 1560, 0, 1090, 1560, 0, 255, 255, 0
L 1060, 1500, 0, 1060, 1560, 0, 255, 255, 0
L 1090, 1500, 0, 1060, 1500, 0, 255, 255, 0
L 1110, 1500, 0, 1110, 1560, 0, 255, 255, 0
L 1150, 1560, 0, 1110, 1560, 0, 255, 255, 0
L 1170, 1530, 0, 1200, 1530, 0, 255, 255, 0
L 1170, 1560, 0, 1200, 1560, 0, 255, 255, 0
L 1170, 1500, 0, 1170, 1560, 0, 255, 255, 0
L 1200, 1500, 0, 1170, 1500, 0, 255, 255, 0
L 1250, 1530, 0, 1220, 1530, 0, 255, 255, 0
L 1250, 1500, 0, 1250, 1530, 0, 255, 255, 0
L 1220, 1500, 0, 1250, 1500, 0, 255, 255, 0
L 1220, 1560, 0, 1220, 1500, 0, 255, 255, 0
L 1270, 1500, 0, 1300, 1500, 0, 255, 255, 0
L 1270, 1560, 0, 1300, 1560, 0, 255, 255, 0
L 1270, 1500, 0, 1270, 1560, 0, 255, 255, 0
L 1300, 1500, 0, 1300, 1560, 0, 255, 255, 0
L 1320, 1500, 0, 1320, 1530, 0, 255, 255, 0
L 1320, 1530, 0, 1320, 1560, 0, 255, 255, 0
L 1320, 1530, 0, 1340, 1530, 0, 255, 255, 0
L 1360, 1530, 0, 1360, 1500, 0, 255, 255, 0
L 1320, 1500, 0, 1360, 1500, 0, 255, 255, 0
L 1340, 1530, 0, 1360, 1530, 0, 255, 255, 0
L 1360, 1560, 0, 1340, 1530, 0, 255, 255, 0
L 1400, 1500, 0, 1400, 1560, 0, 255, 255, 0
L 1380, 1500, 0, 1420, 1500, 0, 255, 255, 0
L 1020, 1590, 0, 1020, 1650, 0, 128, 0, 128
L 1000, 1590, 0, 1040, 1590, 0, 128, 0, 128
L 1060, 1590, 0, 1060, 1620, 0, 128, 0, 128
L 1060, 1620, 0, 1060, 1650, 0, 128, 0, 128
L 1060, 1620, 0, 1080, 1620, 0, 128, 0, 128
L 1100, 1620, 0, 1100, 1590, 0, 128, 0, 128
L 1060, 1590, 0, 1100, 1590, 0, 128, 0, 128
L 1080, 1620, 0, 1100, 1620, 0, 128, 0, 128
L 1100, 1650, 0, 1080, 1620, 0, 128, 0, 128
L 1130, 1620, 0, 1150, 1620, 0, 128, 0, 128
L 1140, 1590, 0, 1160, 1650, 0, 128, 0, 128
L 1120, 1650, 0, 1140, 1590, 0, 128, 0, 128
L 1190, 1650, 0, 1190, 1590, 0, 128, 0, 128
L 1200, 1650, 0, 1180, 1650, 0, 128, 0, 128
L 1210, 1620, 0, 1200, 1650, 0, 128, 0, 128
L 1200, 1590, 0, 1210, 1620, 0, 128, 0, 128
L 1180, 1590, 0, 1200, 1590, 0, 128, 0, 128
L 1230, 1620, 0, 1260, 1620, 0, 128, 0, 128
L 1230, 1650, 0, 1260, 1650, 0, 128, 0, 128
L 1230, 1590, 0, 1230, 1650, 0, 128, 0, 128
L 1260, 1590, 0, 1230, 1590, 0, 128, 0, 128
L 1280, 1590, 0, 1280, 1620, 0, 128, 0, 128
L 1280, 1650, 0, 1320, 1650, 0, 128, 0, 128
L 1320, 1620, 0, 1280, 1620, 0, 128, 0, 128
L 1280, 1590, 0, 1320, 1590, 0, 128, 0, 128
L 1320, 1620, 0, 1320, 1650, 0, 128, 0, 128
L 1340, 1590, 0, 1340, 1620, 0, 128, 0, 128
L 1340, 1620, 0, 1340, 1650, 0, 128, 0, 128
L 1340, 1620, 0, 1380, 1650, 0, 128, 0, 128
L 1340, 1620, 0, 1380, 1590, 0, 128, 0, 128
L 1400, 1590, 0, 1400, 1650, 0, 128, 0, 128
L 1420, 1590, 0, 1420, 1650, 0, 128, 0, 128
L 1460, 1650, 0, 1420, 1650, 0, 128, 0, 128
L 1480, 1590, 0, 1480, 1650, 0, 128, 0, 128
L 1520, 1650, 0, 1480, 1650, 0, 128, 0, 128
L 1630, 1650, 0, 1600, 1650, 0, 128, 0, 128
L 1600, 1590, 0, 1630, 1590, 0, 128, 0, 128
L 1600, 1650, 0, 1600, 1590, 0, 128, 0, 128
L 1650, 1590, 0, 1680, 1590, 0, 128, 0, 128
L 1650, 1650, 0, 1680, 1650, 0, 128, 0, 128
L 1650, 1590, 0, 1650, 1650, 0, 128, 0, 128
L 1680, 1590, 0, 1680, 1650, 0, 128, 0, 128
L 1730, 1650, 0, 1730, 1590, 0, 128, 0, 128
L 1700, 1590, 0, 1730, 1650, 0, 128, 0, 128
L 1700, 1650, 0, 1700, 1590, 0, 128, 0, 128
L 1770, 1590, 0, 1770, 1650, 0, 128, 0, 128
L 1750, 1590, 0, 1790, 1590, 0, 128, 0, 128
L 1820, 1620, 0, 1840, 1620, 0, 128, 0, 128
L 1830, 1590, 0, 1850, 1650, 0, 128, 0, 128
L 1810, 1650, 0, 1830, 1590, 0, 128, 0, 128
L 1870, 1590, 0, 1870, 1650, 0, 128, 0, 128
L 1920, 1650, 0, 1920, 1590, 0, 128, 0, 128
L 1890, 1590, 0, 1920, 1650, 0, 128, 0, 128
L 1890, 1650, 0, 1890, 1590, 0, 128, 0, 128
L 1940, 1620, 0, 1970, 1620, 0, 128, 0, 128
L 1940, 1650, 0, 1970, 1650, 0, 128, 0, 128
L 1940, 1590, 0, 1940, 1650, 0, 128, 0, 128
L 1970, 1590, 0, 1940, 1590, 0, 128, 0, 128
L 1990, 1590, 0, 1990, 1620, 0, 128, 0, 128
L 1990, 1620, 0, 1990, 1650, 0, 128, 0, 128
L 1990, 1620, 0, 2010, 1620, 0, 128, 0, 128
L 2030, 1620, 0, 2030, 1590, 0, 128, 0, 128
L 1990, 1590, 0, 2030, 1590, 0, 128, 0, 128
L 2010, 1620, 0, 2030, 1620, 0, 128, 0, 128
L 2030, 1650, 0, 2010, 1620, 0, 128, 0, 128
L 1020, 1680, 0, 1020, 1740, 0, 255, 255, 0
L 1000, 1680, 0, 1040, 1680, 0, 255, 255, 0
L 1060, 1680, 0, 1060, 1710, 0, 255, 255, 0
L 1060, 1710, 0, 1060, 1740, 0, 255, 255, 0
L 1060, 1710, 0, 1080, 1710, 0, 255, 255, 0
L 1100, 1710, 0, 1100, 1680, 0, 255, 255, 0
L 1060, 1680, 0, 1100, 1680, 0, 255, 255, 0
L 1080, 1710, 0, 1100, 1710, 0, 255, 255, 0
L 1100, 1740, 0, 1080, 1710, 0, 255, 255, 0
L 1130, 1710, 0, 1150, 1710, 0, 255, 255, 0
L 1140, 1680, 0, 1160, 1740, 0, 255, 255, 0
L 1120, 1740, 0, 1140, 1680, 0, 255, 255, 0
L 1210, 1710, 0, 1180, 1710, 0, 255, 255, 0
L 1210, 1680, 0, 1210, 1710, 0, 255, 255, 0
L 1180, 1680, 0, 1210, 1680, 0, 255, 255, 0
L 1180, 1740, 0, 1180, 1680, 0, 255, 255, 0
L 1030, 1770, 0, 1000, 1770, 0, 255, 0, 0
L 1000, 1830, 0, 1030, 1770, 0, 255, 0, 0
L 1000, 1830, 0, 1030, 1830, 0, 255, 0, 0
L 1050, 1770, 0, 1080, 1770, 0, 255, 0, 0
L 1050, 1830, 0, 1080, 1830, 0, 255, 0, 0
L 1050, 1770, 0, 1050, 1830, 0, 255, 0, 0
L 1080, 1770, 0, 1080, 1830, 0, 255, 0, 0
L 1130, 1830, 0, 1130, 1770, 0, 255, 0, 0
L 1100, 1770, 0, 1130, 1830, 0, 255, 0, 0
L 1100, 1830, 0, 1100, 1770, 0, 255, 0, 0
L 1150, 1800, 0, 1180, 1800, 0, 255, 0, 0
L 1150, 1830, 0, 1180, 1830, 0, 255, 0, 0
L 1150, 1770, 0, 1150, 1830, 0, 255, 0, 0
L 1180, 1770, 0, 1150, 1770, 0, 255, 0, 0
P 0, 0, 0, 0, 0, 0, 2, Original_Map:_EverQuest_Default
P 0, 200, 0, 0, 0, 0, 2, Revised_Map:_Brewall_Rainsiger_(Cazic-Thule)
P 0, 400, 0, 0, 0, 0, 2, http://www.eqmaps.info
P 0, 600, 0, 0, 0, 0, 2, Return_of_the_Exiled_(www.roteguild.org)
