L 1000.0, 0.0, 0.0, 1000.0, -50.0, 0.0, 255, 0, 0
L -20.0, 50.0, 0.0, -50.0, 20.0, 0.0, 255, 0, 0
L 50.0, 20.0, 0.0, 20.0, 50.0, 0.0, 255, 0, 0
L 20.0, -50.0, 0.0, 50.0, -20.0, 0.0, 255, 0, 0
L -50.0, -20.0, 0.0, -20.0, -50.0, 0.0, 255, 0, 0
L -50.0, 20.0, 0.0, -50.0, -20.0, 0.0, 255, 0, 0
L 20.0, 50.0, 0.0, -20.0, 50.0, 0.0, 255, 0, 0
L 50.0, -20.0, 0.0, 50.0, 20.0, 0.0, 255, 0, 0
L -20.0, -50.0, 0.0, 20.0, -50.0, 0.0, 255, 0, 0
L 580.0, -20.0, 0.0, 540.0, -20.0, 0.0, 255, 0, 0
L 580.0, -90.0, 0.0, 580.0, -20.0, 0.0, 255, 0, 0
L 540.0, -90.0, 0.0, 580.0, -90.0, 0.0, 255, 0, 0
L 540.0, -20.0, 0.0, 540.0, -90.0, 0.0, 255, 0, 0
L 520.0, -20.0, 0.0, 480.0, -20.0, 0.0, 255, 0, 0
L 520.0, -90.0, 0.0, 520.0, -20.0, 0.0, 255, 0, 0
L 480.0, -90.0, 0.0, 520.0, -90.0, 0.0, 255, 0, 0
L 480.0, -20.0, 0.0, 480.0, -90.0, 0.0, 255, 0, 0
L 460.0, -90.0, 0.0, 450.0, -80.0, 0.0, 255, 0, 0
L 460.0, -20.0, 0.0, 460.0, -90.0, 0.0, 255, 0, 0
L 0.0, -250.0, 0.0, 0.0, 250.0, 0.0, 255, 0, 0
L -250.0, 0.0, 0.0, 1000.0, 0.0, 0.0, 255, 0, 0
L -120.0, -80.0, 0.0, -120.0, -60.0, 0.0, 255, 0, 0
L -120.0, -60.0, 0.0, -120.0, -40.0, 0.0, 255, 0, 0
L -100.0, -60.0, 0.0, -120.0, -60.0, 0.0, 255, 0, 0
L -120.0, -60.0, 0.0, -140.0, -60.0, 0.0, 255, 0, 0
L -90.0, -50.0, 0.0, -100.0, -30.0, 0.0, 255, 0, 0
L -60.0, -80.0, 0.0, -60.0, -60.0, 0.0, 255, 0, 0
L -60.0, -60.0, 0.0, -60.0, -40.0, 0.0, 255, 0, 0
L -40.0, -60.0, 0.0, -60.0, -60.0, 0.0, 255, 0, 0
L -60.0, -60.0, 0.0, -80.0, -60.0, 0.0, 255, 0, 0
L 100.0, 60.0, 0.0, 120.0, 60.0, 0.0, 255, 0, 0
L 120.0, 60.0, 0.0, 140.0, 60.0, 0.0, 255, 0, 0
L 90.0, 70.0, 0.0, 80.0, 90.0, 0.0, 255, 0, 0
L 40.0, 60.0, 0.0, 60.0, 60.0, 0.0, 255, 0, 0
L 60.0, 60.0, 0.0, 80.0, 60.0, 0.0, 255, 0, 0
L -100.0, 60.0, 0.0, -120.0, 60.0, 0.0, 255, 0, 0
L -120.0, 60.0, 0.0, -140.0, 60.0, 0.0, 255, 0, 0
L -90.0, 70.0, 0.0, -100.0, 90.0, 0.0, 255, 0, 0
L -60.0, 80.0, 0.0, -60.0, 60.0, 0.0, 255, 0, 0
L -60.0, 60.0, 0.0, -60.0, 40.0, 0.0, 255, 0, 0
L -40.0, 60.0, 0.0, -60.0, 60.0, 0.0, 255, 0, 0
L -60.0, 60.0, 0.0, -80.0, 60.0, 0.0, 255, 0, 0
L 100.0, -60.0, 0.0, 120.0, -60.0, 0.0, 255, 0, 0
L 120.0, -60.0, 0.0, 140.0, -60.0, 0.0, 255, 0, 0
L 90.0, -50.0, 0.0, 80.0, -30.0, 0.0, 255, 0, 0
L 60.0, -80.0, 0.0, 60.0, -60.0, 0.0, 255, 0, 0
L 60.0, -60.0, 0.0, 60.0, -40.0, 0.0, 255, 0, 0
L 40.0, -60.0, 0.0, 60.0, -60.0, 0.0, 255, 0, 0
L 60.0, -60.0, 0.0, 80.0, -60.0, 0.0, 255, 0, 0
L 599.0, -90.0, 0.0, 637.3, -90.0, 0.0, 255, 0, 0
L 599.0, -20.0, 0.0, 637.3, -20.0, 0.0, 255, 0, 0
L 599.0, -90.0, 0.0, 599.0, -20.0, 0.0, 255, 0, 0
L 637.3, -90.0, 0.0, 637.3, -20.0, 0.0, 255, 0, 0
L 1000, -400, 0, 1000, -340, 0, 0, 0, 0
L 1040, -340, 0, 1000, -340, 0, 0, 0, 0
L 1060, -370, 0, 1090, -370, 0, 0, 0, 0
L 1060, -340, 0, 1090, -340, 0, 0, 0, 0
L 1060, -400, 0, 1060, -340, 0, 0, 0, 0
L 1090, -400, 0, 1060, -400, 0, 0, 0, 0
L 1140, -340, 0, 1110, -340, 0, 0, 0, 0
L 1110, -400, 0, 1140, -400, 0, 0, 0, 0
L 1110, -340, 0, 1110, -400, 0, 0, 0, 0
L 1140, -340, 0, 1140, -370, 0, 0, 0, 0
L 1140, -370, 0, 1120, -370, 0, 0, 0, 0
L 1160, -370, 0, 1190, -370, 0, 0, 0, 0
L 1160, -340, 0, 1190, -340, 0, 0, 0, 0
L 1160, -400, 0, 1160, -340, 0, 0, 0, 0
L 1190, -400, 0, 1160, -400, 0, 0, 0, 0
L 1240, -340, 0, 1240, -400, 0, 0, 0, 0
L 1210, -400, 0, 1240, -340, 0, 0, 0, 0
L 1210, -340, 0, 1210, -400, 0, 0, 0, 0
L 1270, -340, 0, 1270, -400, 0, 0, 0, 0
L 1280, -340, 0, 1260, -340, 0, 0, 0, 0
L 1290, -370, 0, 1280, -340, 0, 0, 0, 0
L 1280, -400, 0, 1290, -370, 0, 0, 0, 0
L 1260, -400, 0, 1280, -400, 0, 0, 0, 0
L 1000, -190, 0, 1060, -190, 0, 0, 0, 0
L 1000, -270, 0, 1060, -270, 0, 0, 0, 0
L 1030, -217, 0, 1030, -243, 0, 205, 133, 63
L 1060, -190, 0, 1120, -190, 0, 0, 0, 0
L 1060, -190, 0, 1060, -217, 0, 205, 133, 63
L 1030, -217, 0, 1090, -217, 0, 205, 133, 63
L 1030, -243, 0, 1060, -243, 0, 205, 133, 63
L 1060, -243, 0, 1090, -243, 0, 205, 133, 63
L 1060, -270, 0, 1120, -270, 0, 0, 0, 0
L 1060, -243, 0, 1060, -270, 0, 205, 133, 63
L 1090, -217, 0, 1090, -243, 0, 205, 133, 63
L 1170, -200, 0, 1170, -260, 0, 0, 0, 0
L 1180, -200, 0, 1160, -200, 0, 0, 0, 0
L 1190, -230, 0, 1180, -200, 0, 0, 0, 0
L 1180, -260, 0, 1190, -230, 0, 0, 0, 0
L 1160, -260, 0, 1180, -260, 0, 0, 0, 0
L 1210, -260, 0, 1240, -260, 0, 0, 0, 0
L 1210, -200, 0, 1240, -200, 0, 0, 0, 0
L 1210, -260, 0, 1210, -200, 0, 0, 0, 0
L 1240, -260, 0, 1240, -200, 0, 0, 0, 0
L 1260, -260, 0, 1290, -260, 0, 0, 0, 0
L 1260, -200, 0, 1290, -200, 0, 0, 0, 0
L 1260, -260, 0, 1260, -200, 0, 0, 0, 0
L 1290, -260, 0, 1290, -200, 0, 0, 0, 0
L 1310, -260, 0, 1310, -230, 0, 0, 0, 0
L 1310, -230, 0, 1310, -200, 0, 0, 0, 0
L 1310, -230, 0, 1330, -230, 0, 0, 0, 0
L 1350, -230, 0, 1350, -260, 0, 0, 0, 0
L 1310, -260, 0, 1350, -260, 0, 0, 0, 0
L 1330, -230, 0, 1350, -230, 0, 0, 0, 0
L 1350, -200, 0, 1330, -230, 0, 0, 0, 0
L 1000, -150, 0, 1000, -120, 0, 255, 210, 0
L 1000, -150, 0, 1020, -150, 0, 255, 210, 0
L 1020, -90, 0, 1000, -90, 0, 255, 210, 0
L 1000, -120, 0, 1000, -90, 0, 255, 210, 0
L 1020, -120, 0, 1000, -120, 0, 255, 210, 0
L 1020, -120, 0, 1040, -135, 0, 255, 210, 0
L 1020, -150, 0, 1040, -135, 0, 255, 210, 0
L 1020, -120, 0, 1040, -105, 0, 255, 210, 0
L 1040, -105, 0, 1020, -90, 0, 255, 210, 0
L 1070, -120, 0, 1090, -120, 0, 255, 210, 0
L 1080, -150, 0, 1100, -90, 0, 255, 210, 0
L 1060, -90, 0, 1080, -150, 0, 255, 210, 0
L 1150, -90, 0, 1150, -150, 0, 255, 210, 0
L 1120, -150, 0, 1150, -90, 0, 255, 210, 0
L 1120, -90, 0, 1120, -150, 0, 255, 210, 0
L 1170, -150, 0, 1170, -120, 0, 255, 210, 0
L 1170, -120, 0, 1170, -90, 0, 255, 210, 0
L 1170, -120, 0, 1210, -90, 0, 255, 210, 0
L 1170, -120, 0, 1210, -150, 0, 255, 210, 0
L 1230, -120, 0, 1260, -120, 0, 255, 210, 0
L 1230, -90, 0, 1260, -90, 0, 255, 210, 0
L 1230, -150, 0, 1230, -90, 0, 255, 210, 0
L 1260, -150, 0, 1230, -150, 0, 255, 210, 0
L 1280, -150, 0, 1280, -120, 0, 255, 210, 0
L 1280, -120, 0, 1280, -90, 0, 255, 210, 0
L 1280, -120, 0, 1300, -120, 0, 255, 210, 0
L 1320, -120, 0, 1320, -150, 0, 255, 210, 0
L 1280, -150, 0, 1320, -150, 0, 255, 210, 0
L 1300, -120, 0, 1320, -120, 0, 255, 210, 0
L 1320, -90, 0, 1300, -120, 0, 255, 210, 0
L 1030, 0, 0, 1000, 0, 0, 255, 255, 255
L 1000, -60, 0, 1030, -60, 0, 255, 255, 255
L 1000, 0, 0, 1000, -60, 0, 255, 255, 255
L 1050, -60, 0, 1080, -60, 0, 255, 255, 255
L 1050, 0, 0, 1080, 0, 0, 255, 255, 255
L 1050, -60, 0, 1050, 0, 0, 255, 255, 255
L 1080, -60, 0, 1080, 0, 0, 255, 255, 255
L 1140, -60, 0, 1140, 0, 0, 255, 255, 255
L 1120, -30, 0, 1140, -60, 0, 255, 255, 255
L 1100, -60, 0, 1120, -30, 0, 255, 255, 255
L 1100, 0, 0, 1100, -60, 0, 255, 255, 255
L 1200, -60, 0, 1200, 0, 0, 255, 255, 255
L 1180, -30, 0, 1200, -60, 0, 255, 255, 255
L 1160, -60, 0, 1180, -30, 0, 255, 255, 255
L 1160, 0, 0, 1160, -60, 0, 255, 255, 255
L 1220, -30, 0, 1250, -30, 0, 255, 255, 255
L 1220, 0, 0, 1250, 0, 0, 255, 255, 255
L 1220, -60, 0, 1220, 0, 0, 255, 255, 255
L 1250, -60, 0, 1220, -60, 0, 255, 255, 255
L 1300, 0, 0, 1300, -60, 0, 255, 255, 255
L 1270, -60, 0, 1300, 0, 0, 255, 255, 255
L 1270, 0, 0, 1270, -60, 0, 255, 255, 255
L 1340, -60, 0, 1340, 0, 0, 255, 255, 255
L 1320, -60, 0, 1360, -60, 0, 255, 255, 255
L 1030, 90, 0, 1000, 90, 0, 0, 0, 0
L 1000, 30, 0, 1030, 30, 0, 0, 0, 0
L 1000, 90, 0, 1000, 30, 0, 0, 0, 0
L 1030, 90, 0, 1030, 60, 0, 0, 0, 0
L 1030, 60, 0, 1010, 60, 0, 0, 0, 0
L 1050, 60, 0, 1080, 60, 0, 0, 0, 0
L 1050, 90, 0, 1080, 90, 0, 0, 0, 0
L 1050, 30, 0, 1050, 90, 0, 0, 0, 0
L 1080, 30, 0, 1050, 30, 0, 0, 0, 0
L 1130, 90, 0, 1130, 30, 0, 0, 0, 0
L 1100, 30, 0, 1130, 90, 0, 0, 0, 0
L 1100, 90, 0, 1100, 30, 0, 0, 0, 0
L 1150, 60, 0, 1180, 60, 0, 0, 0, 0
L 1150, 90, 0, 1180, 90, 0, 0, 0, 0
L 1150, 30, 0, 1150, 90, 0, 0, 0, 0
L 1180, 30, 0, 1150, 30, 0, 0, 0, 0
L 1200, 30, 0, 1200, 60, 0, 0, 0, 0
L 1200, 60, 0, 1200, 90, 0, 0, 0, 0
L 1200, 60, 0, 1220, 60, 0, 0, 0, 0
L 1240, 60, 0, 1240, 30, 0, 0, 0, 0
L 1200, 30, 0, 1240, 30, 0, 0, 0, 0
L 1220, 60, 0, 1240, 60, 0, 0, 0, 0
L 1240, 90, 0, 1220, 60, 0, 0, 0, 0
L 1270, 60, 0, 1290, 60, 0, 0, 0, 0
L 1280, 30, 0, 1300, 90, 0, 0, 0, 0
L 1260, 90, 0, 1280, 30, 0, 0, 0, 0
L 1320, 30, 0, 1320, 90, 0, 0, 0, 0
L 1360, 90, 0, 1320, 90, 0, 0, 0, 0
L 1030, 180, 0, 1000, 180, 0, 0, 0, 255
L 1000, 120, 0, 1030, 120, 0, 0, 0, 255
L 1000, 180, 0, 1000, 120, 0, 0, 0, 255
L 1030, 180, 0, 1030, 150, 0, 0, 0, 255
L 1030, 150, 0, 1010, 150, 0, 0, 0, 255
L 1050, 120, 0, 1050, 150, 0, 0, 0, 255
L 1050, 150, 0, 1050, 180, 0, 0, 0, 255
L 1050, 150, 0, 1070, 150, 0, 0, 0, 255
L 1090, 150, 0, 1090, 120, 0, 0, 0, 255
L 1050, 120, 0, 1090, 120, 0, 0, 0, 255
L 1070, 150, 0, 1090, 150, 0, 0, 0, 255
L 1090, 180, 0, 1070, 150, 0, 0, 0, 255
L 1110, 120, 0, 1140, 120, 0, 0, 0, 255
L 1110, 180, 0, 1140, 180, 0, 0, 0, 255
L 1110, 120, 0, 1110, 180, 0, 0, 0, 255
L 1140, 120, 0, 1140, 180, 0, 0, 0, 255
L 1200, 120, 0, 1200, 180, 0, 0, 0, 255
L 1160, 120, 0, 1160, 180, 0, 0, 0, 255
L 1160, 180, 0, 1200, 180, 0, 0, 0, 255
L 1250, 180, 0, 1250, 120, 0, 0, 0, 255
L 1220, 120, 0, 1250, 180, 0, 0, 0, 255
L 1220, 180, 0, 1220, 120, 0, 0, 0, 255
L 1280, 180, 0, 1280, 120, 0, 0, 0, 255
L 1290, 180, 0, 1270, 180, 0, 0, 0, 255
L 1300, 150, 0, 1290, 180, 0, 0, 0, 255
L 1290, 120, 0, 1300, 150, 0, 0, 0, 255
L 1270, 120, 0, 1290, 120, 0, 0, 0, 255
L 1380, 120, 0, 1380, 150, 0, 0, 0, 255
L 1380, 180, 0, 1420, 180, 0, 0, 0, 255
L 1420, 150, 0, 1380, 150, 0, 0, 0, 255
L 1380, 120, 0, 1420, 120, 0, 0, 0, 255
L 1420, 150, 0, 1420, 180, 0, 0, 0, 255
L 1470, 150, 0, 1440, 150, 0, 0, 0, 255
L 1470, 120, 0, 1470, 150, 0, 0, 0, 255
L 1440, 120, 0, 1470, 120, 0, 0, 0, 255
L 1440, 180, 0, 1440, 120, 0, 0, 0, 255
L 1500, 150, 0, 1520, 150, 0, 0, 0, 255
L 1510, 120, 0, 1530, 180, 0, 0, 0, 255
L 1490, 180, 0, 1510, 120, 0, 0, 0, 255
L 1580, 180, 0, 1590, 120, 0, 0, 0, 255
L 1570, 150, 0, 1580, 180, 0, 0, 0, 255
L 1560, 180, 0, 1570, 150, 0, 0, 0, 255
L 1550, 120, 0, 1560, 180, 0, 0, 0, 255
L 1640, 180, 0, 1640, 120, 0, 0, 0, 255
L 1610, 120, 0, 1640, 180, 0, 0, 0, 255
L 1610, 180, 0, 1610, 120, 0, 0, 0, 255
L 1030, 270, 0, 1000, 270, 0, 128, 128, 128
L 1000, 210, 0, 1030, 210, 0, 128, 128, 128
L 1000, 270, 0, 1000, 210, 0, 128, 128, 128
L 1030, 270, 0, 1030, 240, 0, 128, 128, 128
L 1030, 240, 0, 1010, 240, 0, 128, 128, 128
L 1090, 210, 0, 1090, 270, 0, 128, 128, 128
L 1050, 210, 0, 1050, 270, 0, 128, 128, 128
L 1050, 270, 0, 1090, 270, 0, 128, 128, 128
L 1110, 210, 0, 1110, 270, 0, 128, 128, 128
L 1130, 210, 0, 1130, 270, 0, 128, 128, 128
L 1170, 270, 0, 1130, 270, 0, 128, 128, 128
L 1200, 270, 0, 1200, 210, 0, 128, 128, 128
L 1210, 270, 0, 1190, 270, 0, 128, 128, 128
L 1220, 240, 0, 1210, 270, 0, 128, 128, 128
L 1210, 210, 0, 1220, 240, 0, 128, 128, 128
L 1190, 210, 0, 1210, 210, 0, 128, 128, 128
L 1340, 210, 0, 1340, 270, 0, 128, 128, 128
L 1320, 240, 0, 1340, 210, 0, 128, 128, 128
L 1300, 210, 0, 1320, 240, 0, 128, 128, 128
L 1300, 270, 0, 1300, 210, 0, 128, 128, 128
L 1370, 240, 0, 1390, 240, 0, 128, 128, 128
L 1380, 210, 0, 1400, 270, 0, 128, 128, 128
L 1360, 270, 0, 1380, 210, 0, 128, 128, 128
L 1420, 210, 0, 1420, 240, 0, 128, 128, 128
L 1420, 270, 0, 1460, 270, 0, 128, 128, 128
L 1460, 240, 0, 1420, 240, 0, 128, 128, 128
L 1420, 210, 0, 1460, 210, 0, 128, 128, 128
L 1460, 240, 0, 1460, 270, 0, 128, 128, 128
L 1500, 210, 0, 1500, 270, 0, 128, 128, 128
L 1480, 210, 0, 1520, 210, 0, 128, 128, 128
L 1540, 240, 0, 1570, 240, 0, 128, 128, 128
L 1540, 270, 0, 1570, 270, 0, 128, 128, 128
L 1540, 210, 0, 1540, 270, 0, 128, 128, 128
L 1570, 210, 0, 1540, 210, 0, 128, 128, 128
L 1590, 210, 0, 1590, 240, 0, 128, 128, 128
L 1590, 240, 0, 1590, 270, 0, 128, 128, 128
L 1590, 240, 0, 1610, 240, 0, 128, 128, 128
L 1630, 240, 0, 1630, 210, 0, 128, 128, 128
L 1590, 210, 0, 1630, 210, 0, 128, 128, 128
L 1610, 240, 0, 1630, 240, 0, 128, 128, 128
L 1630, 270, 0, 1610, 240, 0, 128, 128, 128
L 1000, 300, 0, 1000, 330, 0, 127, 64, 0
L 1040, 360, 0, 1040, 330, 0, 127, 64, 0
L 1000, 330, 0, 1000, 360, 0, 127, 64, 0
L 1040, 330, 0, 1040, 300, 0, 127, 64, 0
L 1000, 330, 0, 1040, 330, 0, 127, 64, 0
L 1100, 300, 0, 1100, 360, 0, 127, 64, 0
L 1060, 300, 0, 1060, 360, 0, 127, 64, 0
L 1060, 360, 0, 1100, 360, 0, 127, 64, 0
L 1150, 360, 0, 1150, 300, 0, 127, 64, 0
L 1120, 300, 0, 1150, 360, 0, 127, 64, 0
L 1120, 360, 0, 1120, 300, 0, 127, 64, 0
L 1190, 300, 0, 1190, 360, 0, 127, 64, 0
L 1170, 300, 0, 1210, 300, 0, 127, 64, 0
L 1230, 330, 0, 1260, 330, 0, 127, 64, 0
L 1230, 360, 0, 1260, 360, 0, 127, 64, 0
L 1230, 300, 0, 1230, 360, 0, 127, 64, 0
L 1260, 300, 0, 1230, 300, 0, 127, 64, 0
L 1280, 300, 0, 1280, 330, 0, 127, 64, 0
L 1280, 330, 0, 1280, 360, 0, 127, 64, 0
L 1280, 330, 0, 1300, 330, 0, 127, 64, 0
L 1320, 330, 0, 1320, 300, 0, 127, 64, 0
L 1280, 300, 0, 1320, 300, 0, 127, 64, 0
L 1300, 330, 0, 1320, 330, 0, 127, 64, 0
L 1320, 360, 0, 1300, 330, 0, 127, 64, 0
L 1040, 390, 0, 1040, 450, 0, 0, 127, 0
L 1020, 420, 0, 1040, 390, 0, 0, 127, 0
L 1000, 390, 0, 1020, 420, 0, 0, 127, 0
L 1000, 450, 0, 1000, 390, 0, 0, 127, 0
L 1060, 420, 0, 1090, 420, 0, 0, 127, 0
L 1060, 450, 0, 1090, 450, 0, 0, 127, 0
L 1060, 390, 0, 1060, 450, 0, 0, 127, 0
L 1090, 390, 0, 1060, 390, 0, 0, 127, 0
L 1110, 390, 0, 1110, 420, 0, 0, 127, 0
L 1110, 420, 0, 1110, 450, 0, 0, 127, 0
L 1110, 420, 0, 1130, 420, 0, 0, 127, 0
L 1150, 420, 0, 1150, 390, 0, 0, 127, 0
L 1110, 390, 0, 1150, 390, 0, 0, 127, 0
L 1130, 420, 0, 1150, 420, 0, 0, 127, 0
L 1150, 450, 0, 1130, 420, 0, 0, 127, 0
L 1200, 450, 0, 1170, 450, 0, 0, 127, 0
L 1170, 390, 0, 1200, 390, 0, 0, 127, 0
L 1170, 450, 0, 1170, 390, 0, 0, 127, 0
L 1220, 390, 0, 1220, 420, 0, 0, 127, 0
L 1260, 450, 0, 1260, 420, 0, 0, 127, 0
L 1220, 420, 0, 1220, 450, 0, 0, 127, 0
L 1260, 420, 0, 1260, 390, 0, 0, 127, 0
L 1220, 420, 0, 1260, 420, 0, 0, 127, 0
L 1290, 420, 0, 1310, 420, 0, 0, 127, 0
L 1300, 390, 0, 1320, 450, 0, 0, 127, 0
L 1280, 450, 0, 1300, 390, 0, 0, 127, 0
L 1370, 450, 0, 1370, 390, 0, 0, 127, 0
L 1340, 390, 0, 1370, 450, 0, 0, 127, 0
L 1340, 450, 0, 1340, 390, 0, 0, 127, 0
L 1410, 390, 0, 1410, 450, 0, 0, 127, 0
L 1390, 390, 0, 1430, 390, 0, 0, 127, 0
L 1040, 480, 0, 1040, 540, 0, 0, 127, 127
L 1020, 510, 0, 1040, 480, 0, 0, 127, 127
L 1000, 480, 0, 1020, 510, 0, 0, 127, 127
L 1000, 540, 0, 1000, 480, 0, 0, 127, 127
L 1060, 480, 0, 1060, 540, 0, 0, 127, 127
L 1080, 480, 0, 1080, 510, 0, 0, 127, 127
L 1080, 540, 0, 1120, 540, 0, 0, 127, 127
L 1120, 510, 0, 1080, 510, 0, 0, 127, 127
L 1080, 480, 0, 1120, 480, 0, 0, 127, 127
L 1120, 510, 0, 1120, 540, 0, 0, 127, 127
L 1140, 480, 0, 1140, 510, 0, 0, 127, 127
L 1140, 540, 0, 1180, 540, 0, 0, 127, 127
L 1180, 510, 0, 1140, 510, 0, 0, 127, 127
L 1140, 480, 0, 1180, 480, 0, 0, 127, 127
L 1180, 510, 0, 1180, 540, 0, 0, 127, 127
L 1200, 480, 0, 1200, 540, 0, 0, 127, 127
L 1220, 480, 0, 1250, 480, 0, 0, 127, 127
L 1220, 540, 0, 1250, 540, 0, 0, 127, 127
L 1220, 480, 0, 1220, 540, 0, 0, 127, 127
L 1250, 480, 0, 1250, 540, 0, 0, 127, 127
L 1300, 540, 0, 1300, 480, 0, 0, 127, 127
L 1270, 480, 0, 1300, 540, 0, 0, 127, 127
L 1270, 540, 0, 1270, 480, 0, 0, 127, 127
L 1030, 630, 0, 1030, 570, 0, 127, 64, 0
L 1000, 570, 0, 1030, 630, 0, 127, 64, 0
L 1000, 630, 0, 1000, 570, 0, 127, 64, 0
L 1060, 600, 0, 1080, 600, 0, 127, 64, 0
L 1070, 570, 0, 1090, 630, 0, 127, 64, 0
L 1050, 630, 0, 1070, 570, 0, 127, 64, 0
L 1150, 570, 0, 1150, 630, 0, 127, 64, 0
L 1130, 600, 0, 1150, 570, 0, 127, 64, 0
L 1110, 570, 0, 1130, 600, 0, 127, 64, 0
L 1110, 630, 0, 1110, 570, 0, 127, 64, 0
L 1170, 600, 0, 1200, 600, 0, 127, 64, 0
L 1170, 630, 0, 1200, 630, 0, 127, 64, 0
L 1170, 570, 0, 1170, 630, 0, 127, 64, 0
L 1200, 570, 0, 1170, 570, 0, 127, 64, 0
L 1230, 630, 0, 1230, 570, 0, 127, 64, 0
L 1240, 630, 0, 1220, 630, 0, 127, 64, 0
L 1250, 600, 0, 1240, 630, 0, 127, 64, 0
L 1240, 570, 0, 1250, 600, 0, 127, 64, 0
L 1220, 570, 0, 1240, 570, 0, 127, 64, 0
L 1030, 690, 0, 1000, 690, 0, 0, 255, 0
L 1030, 660, 0, 1030, 690, 0, 0, 255, 0
L 1000, 660, 0, 1030, 660, 0, 0, 255, 0
L 1000, 720, 0, 1000, 660, 0, 0, 255, 0
L 1060, 690, 0, 1080, 690, 0, 0, 255, 0
L 1070, 660, 0, 1090, 720, 0, 0, 255, 0
L 1050, 720, 0, 1070, 660, 0, 0, 255, 0
L 1110, 660, 0, 1110, 690, 0, 0, 255, 0
L 1110, 690, 0, 1110, 720, 0, 0, 255, 0
L 1110, 690, 0, 1130, 690, 0, 0, 255, 0
L 1150, 690, 0, 1150, 660, 0, 0, 255, 0
L 1110, 660, 0, 1150, 660, 0, 0, 255, 0
L 1130, 690, 0, 1150, 690, 0, 0, 255, 0
L 1150, 720, 0, 1130, 690, 0, 0, 255, 0
L 1200, 720, 0, 1170, 720, 0, 0, 255, 0
L 1170, 660, 0, 1200, 660, 0, 0, 255, 0
L 1170, 720, 0, 1170, 660, 0, 0, 255, 0
L 1220, 690, 0, 1250, 690, 0, 0, 255, 0
L 1220, 720, 0, 1250, 720, 0, 0, 255, 0
L 1220, 660, 0, 1220, 720, 0, 0, 255, 0
L 1250, 660, 0, 1220, 660, 0, 0, 255, 0
L 1270, 660, 0, 1270, 720, 0, 0, 255, 0
L 1310, 720, 0, 1270, 720, 0, 0, 255, 0
L 1330, 660, 0, 1330, 690, 0, 0, 255, 0
L 1330, 720, 0, 1370, 720, 0, 0, 255, 0
L 1370, 690, 0, 1330, 690, 0, 0, 255, 0
L 1330, 660, 0, 1370, 660, 0, 0, 255, 0
L 1370, 690, 0, 1370, 720, 0, 0, 255, 0
L 1000, 750, 0, 1000, 780, 0, 0, 240, 240
L 1000, 780, 0, 1000, 810, 0, 0, 240, 240
L 1000, 780, 0, 1020, 780, 0, 0, 240, 240
L 1040, 780, 0, 1040, 750, 0, 0, 240, 240
L 1000, 750, 0, 1040, 750, 0, 0, 240, 240
L 1020, 780, 0, 1040, 780, 0, 0, 240, 240
L 1040, 810, 0, 1020, 780, 0, 0, 240, 240
L 1070, 780, 0, 1090, 780, 0, 0, 240, 240
L 1080, 750, 0, 1100, 810, 0, 0, 240, 240
L 1060, 810, 0, 1080, 750, 0, 0, 240, 240
L 1120, 750, 0, 1120, 810, 0, 0, 240, 240
L 1150, 810, 0, 1150, 750, 0, 0, 240, 240
L 1160, 810, 0, 1140, 810, 0, 0, 240, 240
L 1170, 780, 0, 1160, 810, 0, 0, 240, 240
L 1160, 750, 0, 1170, 780, 0, 0, 240, 240
L 1140, 750, 0, 1160, 750, 0, 0, 240, 240
L 1000, 840, 0, 1000, 870, 0, 0, 255, 0
L 1000, 900, 0, 1040, 900, 0, 0, 255, 0
L 1040, 870, 0, 1000, 870, 0, 0, 255, 0
L 1000, 840, 0, 1040, 840, 0, 0, 255, 0
L 1040, 870, 0, 1040, 900, 0, 0, 255, 0
L 1090, 870, 0, 1060, 870, 0, 0, 255, 0
L 1090, 840, 0, 1090, 870, 0, 0, 255, 0
L 1060, 840, 0, 1090, 840, 0, 0, 255, 0
L 1060, 900, 0, 1060, 840, 0, 0, 255, 0
L 1110, 870, 0, 1140, 870, 0, 0, 255, 0
L 1110, 900, 0, 1140, 900, 0, 0, 255, 0
L 1110, 840, 0, 1110, 900, 0, 0, 255, 0
L 1140, 840, 0, 1110, 840, 0, 0, 255, 0
L 1190, 900, 0, 1160, 900, 0, 0, 255, 0
L 1160, 840, 0, 1190, 840, 0, 0, 255, 0
L 1160, 900, 0, 1160, 840, 0, 0, 255, 0
L 1210, 840, 0, 1210, 900, 0, 0, 255, 0
L 1240, 870, 0, 1260, 870, 0, 0, 255, 0
L 1250, 840, 0, 1270, 900, 0, 0, 255, 0
L 1230, 900, 0, 1250, 840, 0, 0, 255, 0
L 1290, 840, 0, 1290, 900, 0, 0, 255, 0
L 1330, 900, 0, 1290, 900, 0, 0, 255, 0
L 1440, 900, 0, 1410, 900, 0, 0, 255, 0
L 1410, 840, 0, 1440, 840, 0, 0, 255, 0
L 1410, 900, 0, 1410, 840, 0, 0, 255, 0
L 1500, 840, 0, 1500, 900, 0, 0, 255, 0
L 1460, 840, 0, 1460, 900, 0, 0, 255, 0
L 1460, 900, 0, 1500, 900, 0, 0, 255, 0
L 1520, 840, 0, 1520, 870, 0, 0, 255, 0
L 1520, 870, 0, 1520, 900, 0, 0, 255, 0
L 1520, 870, 0, 1540, 870, 0, 0, 255, 0
L 1560, 870, 0, 1560, 840, 0, 0, 255, 0
L 1520, 840, 0, 1560, 840, 0, 0, 255, 0
L 1540, 870, 0, 1560, 870, 0, 0, 255, 0
L 1560, 900, 0, 1540, 870, 0, 0, 255, 0
L 1580, 840, 0, 1580, 870, 0, 0, 255, 0
L 1580, 870, 0, 1580, 900, 0, 0, 255, 0
L 1580, 870, 0, 1600, 870, 0, 0, 255, 0
L 1620, 870, 0, 1620, 840, 0, 0, 255, 0
L 1580, 840, 0, 1620, 840, 0, 0, 255, 0
L 1600, 870, 0, 1620, 870, 0, 0, 255, 0
L 1620, 900, 0, 1600, 870, 0, 0, 255, 0
L 1640, 870, 0, 1670, 870, 0, 0, 255, 0
L 1640, 900, 0, 1670, 900, 0, 0, 255, 0
L 1640, 840, 0, 1640, 900, 0, 0, 255, 0
L 1670, 840, 0, 1640, 840, 0, 0, 255, 0
L 1720, 900, 0, 1720, 840, 0, 0, 255, 0
L 1690, 840, 0, 1720, 900, 0, 0, 255, 0
L 1690, 900, 0, 1690, 840, 0, 0, 255, 0
L 1770, 900, 0, 1740, 900, 0, 0, 255, 0
L 1740, 840, 0, 1770, 840, 0, 0, 255, 0
L 1740, 900, 0, 1740, 840, 0, 0, 255, 0
L 1810, 870, 0, 1810, 900, 0, 0, 255, 0
L 1810, 870, 0, 1830, 840, 0, 0, 255, 0
L 1790, 840, 0, 1810, 870, 0, 0, 255, 0
L 1000, 930, 0, 1000, 960, 0, 255, 0, 0
L 1000, 990, 0, 1040, 990, 0, 255, 0, 0
L 1040, 960, 0, 1000, 960, 0, 255, 0, 0
L 1000, 930, 0, 1040, 930, 0, 255, 0, 0
L 1040, 960, 0, 1040, 990, 0, 255, 0, 0
L 1100, 930, 0, 1100, 990, 0, 255, 0, 0
L 1060, 930, 0, 1060, 990, 0, 255, 0, 0
L 1060, 990, 0, 1100, 990, 0, 255, 0, 0
L 1150, 990, 0, 1120, 990, 0, 255, 0, 0
L 1120, 930, 0, 1150, 930, 0, 255, 0, 0
L 1120, 990, 0, 1120, 930, 0, 255, 0, 0
L 1200, 990, 0, 1170, 990, 0, 255, 0, 0
L 1170, 930, 0, 1200, 930, 0, 255, 0, 0
L 1170, 990, 0, 1170, 930, 0, 255, 0, 0
L 1220, 930, 0, 1250, 930, 0, 255, 0, 0
L 1220, 990, 0, 1250, 990, 0, 255, 0, 0
L 1220, 930, 0, 1220, 990, 0, 255, 0, 0
L 1250, 930, 0, 1250, 990, 0, 255, 0, 0
L 1270, 930, 0, 1270, 960, 0, 255, 0, 0
L 1270, 960, 0, 1270, 990, 0, 255, 0, 0
L 1270, 960, 0, 1290, 960, 0, 255, 0, 0
L 1310, 960, 0, 1310, 930, 0, 255, 0, 0
L 1270, 930, 0, 1310, 930, 0, 255, 0, 0
L 1290, 960, 0, 1310, 960, 0, 255, 0, 0
L 1310, 990, 0, 1290, 960, 0, 255, 0, 0
L 1020, 1020, 0, 1020, 1080, 0, 255, 255, 0
L 1000, 1020, 0, 1040, 1020, 0, 255, 255, 0
L 1060, 1050, 0, 1090, 1050, 0, 255, 255, 0
L 1060, 1080, 0, 1090, 1080, 0, 255, 255, 0
L 1060, 1020, 0, 1060, 1080, 0, 255, 255, 0
L 1090, 1020, 0, 1060, 1020, 0, 255, 255, 0
L 1110, 1020, 0, 1110, 1080, 0, 255, 255, 0
L 1150, 1080, 0, 1110, 1080, 0, 255, 255, 0
L 1170, 1050, 0, 1200, 1050, 0, 255, 255, 0
L 1170, 1080, 0, 1200, 1080, 0, 255, 255, 0
L 1170, 1020, 0, 1170, 1080, 0, 255, 255, 0
L 1200, 1020, 0, 1170, 1020, 0, 255, 255, 0
L 1250, 1050, 0, 1220, 1050, 0, 255, 255, 0
L 1250, 1020, 0, 1250, 1050, 0, 255, 255, 0
L 1220, 1020, 0, 1250, 1020, 0, 255, 255, 0
L 1220, 1080, 0, 1220, 1020, 0, 255, 255, 0
L 1270, 1020, 0, 1300, 1020, 0, 255, 255, 0
L 1270, 1080, 0, 1300, 1080, 0, 255, 255, 0
L 1270, 1020, 0, 1270, 1080, 0, 255, 255, 0
L 1300, 1020, 0, 1300, 1080, 0, 255, 255, 0
L 1320, 1020, 0, 1320, 1050, 0, 255, 255, 0
L 1320, 1050, 0, 1320, 1080, 0, 255, 255, 0
L 1320, 1050, 0, 1340, 1050, 0, 255, 255, 0
L 1360, 1050, 0, 1360, 1020, 0, 255, 255, 0
L 1320, 1020, 0, 1360, 1020, 0, 255, 255, 0
L 1340, 1050, 0, 1360, 1050, 0, 255, 255, 0
L 1360, 1080, 0, 1340, 1050, 0, 255, 255, 0
L 1400, 1020, 0, 1400, 1080, 0, 255, 255, 0
L 1380, 1020, 0, 1420, 1020, 0, 255, 255, 0
L 1020, 1110, 0, 1020, 1170, 0, 128, 0, 128
L 1000, 1110, 0, 1040, 1110, 0, 128, 0, 128
L 1060, 1110, 0, 1060, 1140, 0, 128, 0, 128
L 1060, 1140, 0, 1060, 1170, 0, 128, 0, 128
L 1060, 1140, 0, 1080, 1140, 0, 128, 0, 128
L 1100, 1140, 0, 1100, 1110, 0, 128, 0, 128
L 1060, 1110, 0, 1100, 1110, 0, 128, 0, 128
L 1080, 1140, 0, 1100, 1140, 0, 128, 0, 128
L 1100, 1170, 0, 1080, 1140, 0, 128, 0, 128
L 1130, 1140, 0, 1150, 1140, 0, 128, 0, 128
L 1140, 1110, 0, 1160, 1170, 0, 128, 0, 128
L 1120, 1170, 0, 1140, 1110, 0, 128, 0, 128
L 1190, 1170, 0, 1190, 1110, 0, 128, 0, 128
L 1200, 1170, 0, 1180, 1170, 0, 128, 0, 128
L 1210, 1140, 0, 1200, 1170, 0, 128, 0, 128
L 1200, 1110, 0, 1210, 1140, 0, 128, 0, 128
L 1180, 1110, 0, 1200, 1110, 0, 128, 0, 128
L 1230, 1140, 0, 1260, 1140, 0, 128, 0, 128
L 1230, 1170, 0, 1260, 1170, 0, 128, 0, 128
L 1230, 1110, 0, 1230, 1170, 0, 128, 0, 128
L 1260, 1110, 0, 1230, 1110, 0, 128, 0, 128
L 1280, 1110, 0, 1280, 1140, 0, 128, 0, 128
L 1280, 1170, 0, 1320, 1170, 0, 128, 0, 128
L 1320, 1140, 0, 1280, 1140, 0, 128, 0, 128
L 1280, 1110, 0, 1320, 1110, 0, 128, 0, 128
L 1320, 1140, 0, 1320, 1170, 0, 128, 0, 128
L 1340, 1110, 0, 1340, 1140, 0, 128, 0, 128
L 1340, 1140, 0, 1340, 1170, 0, 128, 0, 128
L 1340, 1140, 0, 1380, 1170, 0, 128, 0, 128
L 1340, 1140, 0, 1380, 1110, 0, 128, 0, 128
L 1400, 1110, 0, 1400, 1170, 0, 128, 0, 128
L 1420, 1110, 0, 1420, 1170, 0, 128, 0, 128
L 1460, 1170, 0, 1420, 1170, 0, 128, 0, 128
L 1480, 1110, 0, 1480, 1170, 0, 128, 0, 128
L 1520, 1170, 0, 1480, 1170, 0, 128, 0, 128
L 1630, 1170, 0, 1600, 1170, 0, 128, 0, 128
L 1600, 1110, 0, 1630, 1110, 0, 128, 0, 128
L 1600, 1170, 0, 1600, 1110, 0, 128, 0, 128
L 1650, 1110, 0, 1680, 1110, 0, 128, 0, 128
L 1650, 1170, 0, 1680, 1170, 0, 128, 0, 128
L 1650, 1110, 0, 1650, 1170, 0, 128, 0, 128
L 1680, 1110, 0, 1680, 1170, 0, 128, 0, 128
L 1730, 1170, 0, 1730, 1110, 0, 128, 0, 128
L 1700, 1110, 0, 1730, 1170, 0, 128, 0, 128
L 1700, 1170, 0, 1700, 1110, 0, 128, 0, 128
L 1770, 1110, 0, 1770, 1170, 0, 128, 0, 128
L 1750, 1110, 0, 1790, 1110, 0, 128, 0, 128
L 1820, 1140, 0, 1840, 1140, 0, 128, 0, 128
L 1830, 1110, 0, 1850, 1170, 0, 128, 0, 128
L 1810, 1170, 0, 1830, 1110, 0, 128, 0, 128
L 1870, 1110, 0, 1870, 1170, 0, 128, 0, 128
L 1920, 1170, 0, 1920, 1110, 0, 128, 0, 128
L 1890, 1110, 0, 1920, 1170, 0, 128, 0, 128
L 1890, 1170, 0, 1890, 1110, 0, 128, 0, 128
L 1940, 1140, 0, 1970, 1140, 0, 128, 0, 128
L 1940, 1170, 0, 1970, 1170, 0, 128, 0, 128
L 1940, 1110, 0, 1940, 1170, 0, 128, 0, 128
L 1970, 1110, 0, 1940, 1110, 0, 128, 0, 128
L 1990, 1110, 0, 1990, 1140, 0, 128, 0, 128
L 1990, 1140, 0, 1990, 1170, 0, 128, 0, 128
L 1990, 1140, 0, 2010, 1140, 0, 128, 0, 128
L 2030, 1140, 0, 2030, 1110, 0, 128, 0, 128
L 1990, 1110, 0, 2030, 1110, 0, 128, 0, 128
L 2010, 1140, 0, 2030, 1140, 0, 128, 0, 128
L 2030, 1170, 0, 2010, 1140, 0, 128, 0, 128
L 1020, 1200, 0, 1020, 1260, 0, 255, 255, 0
L 1000, 1200, 0, 1040, 1200, 0, 255, 255, 0
L 1060, 1200, 0, 1060, 1230, 0, 255, 255, 0
L 1060, 1230, 0, 1060, 1260, 0, 255, 255, 0
L 1060, 1230, 0, 1080, 1230, 0, 255, 255, 0
L 1100, 1230, 0, 1100, 1200, 0, 255, 255, 0
L 1060, 1200, 0, 1100, 1200, 0, 255, 255, 0
L 1080, 1230, 0, 1100, 1230, 0, 255, 255, 0
L 1100, 1260, 0, 1080, 1230, 0, 255, 255, 0
L 1130, 1230, 0, 1150, 1230, 0, 255, 255, 0
L 1140, 1200, 0, 1160, 1260, 0, 255, 255, 0
L 1120, 1260, 0, 1140, 1200, 0, 255, 255, 0
L 1210, 1230, 0, 1180, 1230, 0, 255, 255, 0
L 1210, 1200, 0, 1210, 1230, 0, 255, 255, 0
L 1180, 1200, 0, 1210, 1200, 0, 255, 255, 0
L 1180, 1260, 0, 1180, 1200, 0, 255, 255, 0
L 1030, 1290, 0, 1000, 1290, 0, 255, 0, 0
L 1000, 1350, 0, 1030, 1290, 0, 255, 0, 0
L 1000, 1350, 0, 1030, 1350, 0, 255, 0, 0
L 1050, 1290, 0, 1080, 1290, 0, 255, 0, 0
L 1050, 1350, 0, 1080, 1350, 0, 255, 0, 0
L 1050, 1290, 0, 1050, 1350, 0, 255, 0, 0
L 1080, 1290, 0, 1080, 1350, 0, 255, 0, 0
L 1130, 1350, 0, 1130, 1290, 0, 255, 0, 0
L 1100, 1290, 0, 1130, 1350, 0, 255, 0, 0
L 1100, 1350, 0, 1100, 1290, 0, 255, 0, 0
L 1150, 1320, 0, 1180, 1320, 0, 255, 0, 0
L 1150, 1350, 0, 1180, 1350, 0, 255, 0, 0
L 1150, 1290, 0, 1150, 1350, 0, 255, 0, 0
L 1180, 1290, 0, 1150, 1290, 0, 255, 0, 0
P 0, -400, 0, 0, 0, 0, 2, Original_Map:_Brewall_Rainsiger_(Cazic-Thule)
P 0, -200, 0, 0, 0, 0, 2, http://www.eqmaps.info
P 0, 0, 0, 0, 0, 0, 2, Return_of_the_Exiled_(www.roteguild.org)
