L 1000.0, 0.0, 0.0, 1000.0, -50.0, 0.0, 255, 0, 0
L -20.0, 50.0, 0.0, -50.0, 20.0, 0.0, 255, 0, 0
L 50.0, 20.0, 0.0, 20.0, 50.0, 0.0, 255, 0, 0
L 20.0, -50.0, 0.0, 50.0, -20.0, 0.0, 255, 0, 0
L -50.0, -20.0, 0.0, -20.0, -50.0, 0.0, 255, 0, 0
L -50.0, 20.0, 0.0, -50.0, -20.0, 0.0, 255, 0, 0
L 20.0, 50.0, 0.0, -20.0, 50.0, 0.0, 255, 0, 0
L 50.0, -20.0, 0.0, 50.0, 20.0, 0.0, 255, 0, 0
L -20.0, -50.0, 0.0, 20.0, -50.0, 0.0, 255, 0, 0
L 580.0, -20.0, 0.0, 540.0, -20.0, 0.0, 255, 0, 0
L 580.0, -90.0, 0.0, 580.0, -20.0, 0.0, 255, 0, 0
L 540.0, -90.0, 0.0, 580.0, -90.0, 0.0, 255, 0, 0
L 540.0, -20.0, 0.0, 540.0, -90.0, 0.0, 255, 0, 0
L 520.0, -20.0, 0.0, 480.0, -20.0, 0.0, 255, 0, 0
L 520.0, -90.0, 0.0, 520.0, -20.0, 0.0, 255, 0, 0
L 480.0, -90.0, 0.0, 520.0, -90.0, 0.0, 255, 0, 0
L 480.0, -20.0, 0.0, 480.0, -90.0, 0.0, 255, 0, 0
L 460.0, -90.0, 0.0, 450.0, -80.0, 0.0, 255, 0, 0
L 460.0, -20.0, 0.0, 460.0, -90.0, 0.0, 255, 0, 0
L 0.0, -250.0, 0.0, 0.0, 250.0, 0.0, 255, 0, 0
L -250.0, 0.0, 0.0, 1000.0, 0.0, 0.0, 255, 0, 0
L -120.0, -80.0, 0.0, -120.0, -60.0, 0.0, 255, 0, 0
L -120.0, -60.0, 0.0, -120.0, -40.0, 0.0, 255, 0, 0
L -100.0, -60.0, 0.0, -120.0, -60.0, 0.0, 255, 0, 0
L -120.0, -60.0, 0.0, -140.0, -60.0, 0.0, 255, 0, 0
L -90.0, -50.0, 0.0, -100.0, -30.0, 0.0, 255, 0, 0
L -60.0, -80.0, 0.0, -60.0, -60.0, 0.0, 255, 0, 0
L -60.0, -60.0, 0.0, -60.0, -40.0, 0.0, 255, 0, 0
L -40.0, -60.0, 0.0, -60.0, -60.0, 0.0, 255, 0, 0
L -60.0, -60.0, 0.0, -80.0, -60.0, 0.0, 255, 0, 0
L 100.0, 60.0, 0.0, 120.0, 60.0, 0.0, 255, 0, 0
L 120.0, 60.0, 0.0, 140.0, 60.0, 0.0, 255, 0, 0
L 90.0, 70.0, 0.0, 80.0, 90.0, 0.0, 255, 0, 0
L 40.0, 60.0, 0.0, 60.0, 60.0, 0.0, 255, 0, 0
L 60.0, 60.0, 0.0, 80.0, 60.0, 0.0, 255, 0, 0
L -100.0, 60.0, 0.0, -120.0, 60.0, 0.0, 255, 0, 0
L -120.0, 60.0, 0.0, -140.0, 60.0, 0.0, 255, 0, 0
L -90.0, 70.0, 0.0, -100.0, 90.0, 0.0, 255, 0, 0
L -60.0, 80.0, 0.0, -60.0, 60.0, 0.0, 255, 0, 0
L -60.0, 60.0, 0.0, -60.0, 40.0, 0.0, 255, 0, 0
L -40.0, 60.0, 0.0, -60.0, 60.0, 0.0, 255, 0, 0
L -60.0, 60.0, 0.0, -80.0, 60.0, 0.0, 255, 0, 0
L 100.0, -60.0, 0.0, 120.0, -60.0, 0.0, 255, 0, 0
L 120.0, -60.0, 0.0, 140.0, -60.0, 0.0, 255, 0, 0
L 90.0, -50.0, 0.0, 80.0, -30.0, 0.0, 255, 0, 0
L 60.0, -80.0, 0.0, 60.0, -60.0, 0.0, 255, 0, 0
L 60.0, -60.0, 0.0, 60.0, -40.0, 0.0, 255, 0, 0
L 40.0, -60.0, 0.0, 60.0, -60.0, 0.0, 255, 0, 0
L 60.0, -60.0, 0.0, 80.0, -60.0, 0.0, 255, 0, 0
L 599.0, -90.0, 0.0, 637.3, -90.0, 0.0, 255, 0, 0
L 599.0, -20.0, 0.0, 637.3, -20.0, 0.0, 255, 0, 0
L 599.0, -90.0, 0.0, 599.0, -20.0, 0.0, 255, 0, 0
L 637.3, -90.0, 0.0, 637.3, -20.0, 0.0, 255, 0, 0
L 1500, 1400, 0, 1500, 1460, 0, 0, 0, 0
L 1540, 1460, 0, 1500, 1460, 0, 0, 0, 0
L 1560, 1430, 0, 1590, 1430, 0, 0, 0, 0
L 1560, 1460, 0, 1590, 1460, 0, 0, 0, 0
L 1560, 1400, 0, 1560, 1460, 0, 0, 0, 0
L 1590, 1400, 0, 1560, 1400, 0, 0, 0, 0
L 1640, 1460, 0, 1610, 1460, 0, 0, 0, 0
L 1610, 1400, 0, 1640, 1400, 0, 0, 0, 0
L 1610, 1460, 0, 1610, 1400, 0, 0, 0, 0
L 1640, 1460, 0, 1640, 1430, 0, 0, 0, 0
L 1640, 1430, 0, 1620, 1430, 0, 0, 0, 0
L 1660, 1430, 0, 1690, 1430, 0, 0, 0, 0
L 1660, 1460, 0, 1690, 1460, 0, 0, 0, 0
L 1660, 1400, 0, 1660, 1460, 0, 0, 0, 0
L 1690, 1400, 0, 1660, 1400, 0, 0, 0, 0
L 1740, 1460, 0, 1740, 1400, 0, 0, 0, 0
L 1710, 1400, 0, 1740, 1460, 0, 0, 0, 0
L 1710, 1460, 0, 1710, 1400, 0, 0, 0, 0
L 1770, 1460, 0, 1770, 1400, 0, 0, 0, 0
L 1780, 1460, 0, 1760, 1460, 0, 0, 0, 0
L 1790, 1430, 0, 1780, 1460, 0, 0, 0, 0
L 1780, 1400, 0, 1790, 1430, 0, 0, 0, 0
L 1760, 1400, 0, 1780, 1400, 0, 0, 0, 0
L 1500, 1610, 0, 1560, 1610, 0, 0, 0, 0
L 1500, 1530, 0, 1560, 1530, 0, 0, 0, 0
L 1530, 1583, 0, 1530, 1557, 0, 205, 133, 63
L 1560, 1610, 0, 1620, 1610, 0, 0, 0, 0
L 1560, 1610, 0, 1560, 1583, 0, 205, 133, 63
L 1530, 1583, 0, 1590, 1583, 0, 205, 133, 63
L 1530, 1557, 0, 1560, 1557, 0, 205, 133, 63
L 1560, 1557, 0, 1590, 1557, 0, 205, 133, 63
L 1560, 1530, 0, 1620, 1530, 0, 0, 0, 0
L 1560, 1557, 0, 1560, 1530, 0, 205, 133, 63
L 1590, 1583, 0, 1590, 1557, 0, 205, 133, 63
L 1670, 1600, 0, 1670, 1540, 0, 0, 0, 0
L 1680, 1600, 0, 1660, 1600, 0, 0, 0, 0
L 1690, 1570, 0, 1680, 1600, 0, 0, 0, 0
L 1680, 1540, 0, 1690, 1570, 0, 0, 0, 0
L 1660, 1540, 0, 1680, 1540, 0, 0, 0, 0
L 1710, 1540, 0, 1740, 1540, 0, 0, 0, 0
L 1710, 1600, 0, 1740, 1600, 0, 0, 0, 0
L 1710, 1540, 0, 1710, 1600, 0, 0, 0, 0
L 1740, 1540, 0, 1740, 1600, 0, 0, 0, 0
L 1760, 1540, 0, 1790, 1540, 0, 0, 0, 0
L 1760, 1600, 0, 1790, 1600, 0, 0, 0, 0
L 1760, 1540, 0, 1760, 1600, 0, 0, 0, 0
L 1790, 1540, 0, 1790, 1600, 0, 0, 0, 0
L 1810, 1540, 0, 1810, 1570, 0, 0, 0, 0
L 1810, 1570, 0, 1810, 1600, 0, 0, 0, 0
L 1810, 1570, 0, 1830, 1570, 0, 0, 0, 0
L 1850, 1570, 0, 1850, 1540, 0, 0, 0, 0
L 1810, 1540, 0, 1850, 1540, 0, 0, 0, 0
L 1830, 1570, 0, 1850, 1570, 0, 0, 0, 0
L 1850, 1600, 0, 1830, 1570, 0, 0, 0, 0
L 1500, 1730, 0, 1590, 1730, 0, 0, 0, 0
L 1500, 1650, 0, 1590, 1650, 0, 0, 0, 0
L 1590, 1650, 0, 1620, 1650, 0, 0, 0, 0
L 1590, 1730, 0, 1620, 1730, 0, 0, 0, 0
L 1590, 1650, 0, 1590, 1690, 0, 255, 255, 0
L 1530, 1670, 0, 1530, 1710, 0, 255, 255, 0
L 1590, 1690, 0, 1590, 1730, 0, 255, 255, 0
L 1590, 1690, 0, 1530, 1670, 0, 255, 255, 0
L 1590, 1690, 0, 1530, 1710, 0, 255, 255, 0
L 1660, 1660, 0, 1690, 1660, 0, 0, 0, 0
L 1660, 1720, 0, 1690, 1720, 0, 0, 0, 0
L 1660, 1660, 0, 1660, 1720, 0, 0, 0, 0
L 1690, 1660, 0, 1690, 1720, 0, 0, 0, 0
L 1740, 1720, 0, 1740, 1660, 0, 0, 0, 0
L 1710, 1660, 0, 1740, 1720, 0, 0, 0, 0
L 1710, 1720, 0, 1710, 1660, 0, 0, 0, 0
L 1760, 1690, 0, 1790, 1690, 0, 0, 0, 0
L 1760, 1720, 0, 1790, 1720, 0, 0, 0, 0
L 1760, 1660, 0, 1760, 1720, 0, 0, 0, 0
L 1790, 1660, 0, 1760, 1660, 0, 0, 0, 0
L 1900, 1720, 0, 1910, 1660, 0, 0, 0, 0
L 1890, 1690, 0, 1900, 1720, 0, 0, 0, 0
L 1880, 1720, 0, 1890, 1690, 0, 0, 0, 0
L 1870, 1660, 0, 1880, 1720, 0, 0, 0, 0
L 1940, 1690, 0, 1960, 1690, 0, 0, 0, 0
L 1950, 1660, 0, 1970, 1720, 0, 0, 0, 0
L 1930, 1720, 0, 1950, 1660, 0, 0, 0, 0
L 2010, 1690, 0, 2010, 1720, 0, 0, 0, 0
L 2010, 1690, 0, 2030, 1660, 0, 0, 0, 0
L 1990, 1660, 0, 2010, 1690, 0, 0, 0, 0
L 1500, 1770, 0, 1500, 1800, 0, 255, 210, 0
L 1500, 1770, 0, 1520, 1770, 0, 255, 210, 0
L 1520, 1830, 0, 1500, 1830, 0, 255, 210, 0
L 1500, 1800, 0, 1500, 1830, 0, 255, 210, 0
L 1520, 1800, 0, 1500, 1800, 0, 255, 210, 0
L 1520, 1800, 0, 1540, 1785, 0, 255, 210, 0
L 1520, 1770, 0, 1540, 1785, 0, 255, 210, 0
L 1520, 1800, 0, 1540, 1815, 0, 255, 210, 0
L 1540, 1815, 0, 1520, 1830, 0, 255, 210, 0
L 1570, 1800, 0, 1590, 1800, 0, 255, 210, 0
L 1580, 1770, 0, 1600, 1830, 0, 255, 210, 0
L 1560, 1830, 0, 1580, 1770, 0, 255, 210, 0
L 1650, 1830, 0, 1650, 1770, 0, 255, 210, 0
L 1620, 1770, 0, 1650, 1830, 0, 255, 210, 0
L 1620, 1830, 0, 1620, 1770, 0, 255, 210, 0
L 1670, 1770, 0, 1670, 1800, 0, 255, 210, 0
L 1670, 1800, 0, 1670, 1830, 0, 255, 210, 0
L 1670, 1800, 0, 1710, 1830, 0, 255, 210, 0
L 1670, 1800, 0, 1710, 1770, 0, 255, 210, 0
L 1730, 1800, 0, 1760, 1800, 0, 255, 210, 0
L 1730, 1830, 0, 1760, 1830, 0, 255, 210, 0
L 1730, 1770, 0, 1730, 1830, 0, 255, 210, 0
L 1760, 1770, 0, 1730, 1770, 0, 255, 210, 0
L 1780, 1770, 0, 1780, 1800, 0, 255, 210, 0
L 1780, 1800, 0, 1780, 1830, 0, 255, 210, 0
L 1780, 1800, 0, 1800, 1800, 0, 255, 210, 0
L 1820, 1800, 0, 1820, 1770, 0, 255, 210, 0
L 1780, 1770, 0, 1820, 1770, 0, 255, 210, 0
L 1800, 1800, 0, 1820, 1800, 0, 255, 210, 0
L 1820, 1830, 0, 1800, 1800, 0, 255, 210, 0
L 1530, 1920, 0, 1500, 1920, 0, 255, 255, 255
L 1500, 1860, 0, 1530, 1860, 0, 255, 255, 255
L 1500, 1920, 0, 1500, 1860, 0, 255, 255, 255
L 1550, 1860, 0, 1580, 1860, 0, 255, 255, 255
L 1550, 1920, 0, 1580, 1920, 0, 255, 255, 255
L 1550, 1860, 0, 1550, 1920, 0, 255, 255, 255
L 1580, 1860, 0, 1580, 1920, 0, 255, 255, 255
L 1640, 1860, 0, 1640, 1920, 0, 255, 255, 255
L 1620, 1890, 0, 1640, 1860, 0, 255, 255, 255
L 1600, 1860, 0, 1620, 1890, 0, 255, 255, 255
L 1600, 1920, 0, 1600, 1860, 0, 255, 255, 255
L 1700, 1860, 0, 1700, 1920, 0, 255, 255, 255
L 1680, 1890, 0, 1700, 1860, 0, 255, 255, 255
L 1660, 1860, 0, 1680, 1890, 0, 255, 255, 255
L 1660, 1920, 0, 1660, 1860, 0, 255, 255, 255
L 1720, 1890, 0, 1750, 1890, 0, 255, 255, 255
L 1720, 1920, 0, 1750, 1920, 0, 255, 255, 255
L 1720, 1860, 0, 1720, 1920, 0, 255, 255, 255
L 1750, 1860, 0, 1720, 1860, 0, 255, 255, 255
L 1800, 1920, 0, 1800, 1860, 0, 255, 255, 255
L 1770, 1860, 0, 1800, 1920, 0, 255, 255, 255
L 1770, 1920, 0, 1770, 1860, 0, 255, 255, 255
L 1840, 1860, 0, 1840, 1920, 0, 255, 255, 255
L 1820, 1860, 0, 1860, 1860, 0, 255, 255, 255
L 1530, 2010, 0, 1500, 2010, 0, 0, 0, 0
L 1500, 1950, 0, 1530, 1950, 0, 0, 0, 0
L 1500, 2010, 0, 1500, 1950, 0, 0, 0, 0
L 1530, 2010, 0, 1530, 1980, 0, 0, 0, 0
L 1530, 1980, 0, 1510, 1980, 0, 0, 0, 0
L 1550, 1980, 0, 1580, 1980, 0, 0, 0, 0
L 1550, 2010, 0, 1580, 2010, 0, 0, 0, 0
L 1550, 1950, 0, 1550, 2010, 0, 0, 0, 0
L 1580, 1950, 0, 1550, 1950, 0, 0, 0, 0
L 1630, 2010, 0, 1630, 1950, 0, 0, 0, 0
L 1600, 1950, 0, 1630, 2010, 0, 0, 0, 0
L 1600, 2010, 0, 1600, 1950, 0, 0, 0, 0
L 1650, 1980, 0, 1680, 1980, 0, 0, 0, 0
L 1650, 2010, 0, 1680, 2010, 0, 0, 0, 0
L 1650, 1950, 0, 1650, 2010, 0, 0, 0, 0
L 1680, 1950, 0, 1650, 1950, 0, 0, 0, 0
L 1700, 1950, 0, 1700, 1980, 0, 0, 0, 0
L 1700, 1980, 0, 1700, 2010, 0, 0, 0, 0
L 1700, 1980, 0, 1720, 1980, 0, 0, 0, 0
L 1740, 1980, 0, 1740, 1950, 0, 0, 0, 0
L 1700, 1950, 0, 1740, 1950, 0, 0, 0, 0
L 1720, 1980, 0, 1740, 1980, 0, 0, 0, 0
L 1740, 2010, 0, 1720, 1980, 0, 0, 0, 0
L 1770, 1980, 0, 1790, 1980, 0, 0, 0, 0
L 1780, 1950, 0, 1800, 2010, 0, 0, 0, 0
L 1760, 2010, 0, 1780, 1950, 0, 0, 0, 0
L 1820, 1950, 0, 1820, 2010, 0, 0, 0, 0
L 1860, 2010, 0, 1820, 2010, 0, 0, 0, 0
L 1530, 2100, 0, 1500, 2100, 0, 0, 0, 255
L 1500, 2040, 0, 1530, 2040, 0, 0, 0, 255
L 1500, 2100, 0, 1500, 2040, 0, 0, 0, 255
L 1530, 2100, 0, 1530, 2070, 0, 0, 0, 255
L 1530, 2070, 0, 1510, 2070, 0, 0, 0, 255
L 1550, 2040, 0, 1550, 2070, 0, 0, 0, 255
L 1550, 2070, 0, 1550, 2100, 0, 0, 0, 255
L 1550, 2070, 0, 1570, 2070, 0, 0, 0, 255
L 1590, 2070, 0, 1590, 2040, 0, 0, 0, 255
L 1550, 2040, 0, 1590, 2040, 0, 0, 0, 255
L 1570, 2070, 0, 1590, 2070, 0, 0, 0, 255
L 1590, 2100, 0, 1570, 2070, 0, 0, 0, 255
L 1610, 2040, 0, 1640, 2040, 0, 0, 0, 255
L 1610, 2100, 0, 1640, 2100, 0, 0, 0, 255
L 1610, 2040, 0, 1610, 2100, 0, 0, 0, 255
L 1640, 2040, 0, 1640, 2100, 0, 0, 0, 255
L 1700, 2040, 0, 1700, 2100, 0, 0, 0, 255
L 1660, 2040, 0, 1660, 2100, 0, 0, 0, 255
L 1660, 2100, 0, 1700, 2100, 0, 0, 0, 255
L 1750, 2100, 0, 1750, 2040, 0, 0, 0, 255
L 1720, 2040, 0, 1750, 2100, 0, 0, 0, 255
L 1720, 2100, 0, 1720, 2040, 0, 0, 0, 255
L 1780, 2100, 0, 1780, 2040, 0, 0, 0, 255
L 1790, 2100, 0, 1770, 2100, 0, 0, 0, 255
L 1800, 2070, 0, 1790, 2100, 0, 0, 0, 255
L 1790, 2040, 0, 1800, 2070, 0, 0, 0, 255
L 1770, 2040, 0, 1790, 2040, 0, 0, 0, 255
L 1880, 2040, 0, 1880, 2070, 0, 0, 0, 255
L 1880, 2100, 0, 1920, 2100, 0, 0, 0, 255
L 1920, 2070, 0, 1880, 2070, 0, 0, 0, 255
L 1880, 2040, 0, 1920, 2040, 0, 0, 0, 255
L 1920, 2070, 0, 1920, 2100, 0, 0, 0, 255
L 1970, 2070, 0, 1940, 2070, 0, 0, 0, 255
L 1970, 2040, 0, 1970, 2070, 0, 0, 0, 255
L 1940, 2040, 0, 1970, 2040, 0, 0, 0, 255
L 1940, 2100, 0, 1940, 2040, 0, 0, 0, 255
L 2000, 2070, 0, 2020, 2070, 0, 0, 0, 255
L 2010, 2040, 0, 2030, 2100, 0, 0, 0, 255
L 1990, 2100, 0, 2010, 2040, 0, 0, 0, 255
L 2080, 2100, 0, 2090, 2040, 0, 0, 0, 255
L 2070, 2070, 0, 2080, 2100, 0, 0, 0, 255
L 2060, 2100, 0, 2070, 2070, 0, 0, 0, 255
L 2050, 2040, 0, 2060, 2100, 0, 0, 0, 255
L 2140, 2100, 0, 2140, 2040, 0, 0, 0, 255
L 2110, 2040, 0, 2140, 2100, 0, 0, 0, 255
L 2110, 2100, 0, 2110, 2040, 0, 0, 0, 255
L 1530, 2190, 0, 1500, 2190, 0, 128, 128, 128
L 1500, 2130, 0, 1530, 2130, 0, 128, 128, 128
L 1500, 2190, 0, 1500, 2130, 0, 128, 128, 128
L 1530, 2190, 0, 1530, 2160, 0, 128, 128, 128
L 1530, 2160, 0, 1510, 2160, 0, 128, 128, 128
L 1590, 2130, 0, 1590, 2190, 0, 128, 128, 128
L 1550, 2130, 0, 1550, 2190, 0, 128, 128, 128
L 1550, 2190, 0, 1590, 2190, 0, 128, 128, 128
L 1610, 2130, 0, 1610, 2190, 0, 128, 128, 128
L 1630, 2130, 0, 1630, 2190, 0, 128, 128, 128
L 1670, 2190, 0, 1630, 2190, 0, 128, 128, 128
L 1700, 2190, 0, 1700, 2130, 0, 128, 128, 128
L 1710, 2190, 0, 1690, 2190, 0, 128, 128, 128
L 1720, 2160, 0, 1710, 2190, 0, 128, 128, 128
L 1710, 2130, 0, 1720, 2160, 0, 128, 128, 128
L 1690, 2130, 0, 1710, 2130, 0, 128, 128, 128
L 1840, 2130, 0, 1840, 2190, 0, 128, 128, 128
L 1820, 2160, 0, 1840, 2130, 0, 128, 128, 128
L 1800, 2130, 0, 1820, 2160, 0, 128, 128, 128
L 1800, 2190, 0, 1800, 2130, 0, 128, 128, 128
L 1870, 2160, 0, 1890, 2160, 0, 128, 128, 128
L 1880, 2130, 0, 1900, 2190, 0, 128, 128, 128
L 1860, 2190, 0, 1880, 2130, 0, 128, 128, 128
L 1920, 2130, 0, 1920, 2160, 0, 128, 128, 128
L 1920, 2190, 0, 1960, 2190, 0, 128, 128, 128
L 1960, 2160, 0, 1920, 2160, 0, 128, 128, 128
L 1920, 2130, 0, 1960, 2130, 0, 128, 128, 128
L 1960, 2160, 0, 1960, 2190, 0, 128, 128, 128
L 2000, 2130, 0, 2000, 2190, 0, 128, 128, 128
L 1980, 2130, 0, 2020, 2130, 0, 128, 128, 128
L 2040, 2160, 0, 2070, 2160, 0, 128, 128, 128
L 2040, 2190, 0, 2070, 2190, 0, 128, 128, 128
L 2040, 2130, 0, 2040, 2190, 0, 128, 128, 128
L 2070, 2130, 0, 2040, 2130, 0, 128, 128, 128
L 2090, 2130, 0, 2090, 2160, 0, 128, 128, 128
L 2090, 2160, 0, 2090, 2190, 0, 128, 128, 128
L 2090, 2160, 0, 2110, 2160, 0, 128, 128, 128
L 2130, 2160, 0, 2130, 2130, 0, 128, 128, 128
L 2090, 2130, 0, 2130, 2130, 0, 128, 128, 128
L 2110, 2160, 0, 2130, 2160, 0, 128, 128, 128
L 2130, 2190, 0, 2110, 2160, 0, 128, 128, 128
L 1500, 2220, 0, 1500, 2250, 0, 127, 64, 0
L 1540, 2280, 0, 1540, 2250, 0, 127, 64, 0
L 1500, 2250, 0, 1500, 2280, 0, 127, 64, 0
L 1540, 2250, 0, 1540, 2220, 0, 127, 64, 0
L 1500, 2250, 0, 1540, 2250, 0, 127, 64, 0
L 1600, 2220, 0, 1600, 2280, 0, 127, 64, 0
L 1560, 2220, 0, 1560, 2280, 0, 127, 64, 0
L 1560, 2280, 0, 1600, 2280, 0, 127, 64, 0
L 1650, 2280, 0, 1650, 2220, 0, 127, 64, 0
L 1620, 2220, 0, 1650, 2280, 0, 127, 64, 0
L 1620, 2280, 0, 1620, 2220, 0, 127, 64, 0
L 1690, 2220, 0, 1690, 2280, 0, 127, 64, 0
L 1670, 2220, 0, 1710, 2220, 0, 127, 64, 0
L 1730, 2250, 0, 1760, 2250, 0, 127, 64, 0
L 1730, 2280, 0, 1760, 2280, 0, 127, 64, 0
L 1730, 2220, 0, 1730, 2280, 0, 127, 64, 0
L 1760, 2220, 0, 1730, 2220, 0, 127, 64, 0
L 1780, 2220, 0, 1780, 2250, 0, 127, 64, 0
L 1780, 2250, 0, 1780, 2280, 0, 127, 64, 0
L 1780, 2250, 0, 1800, 2250, 0, 127, 64, 0
L 1820, 2250, 0, 1820, 2220, 0, 127, 64, 0
L 1780, 2220, 0, 1820, 2220, 0, 127, 64, 0
L 1800, 2250, 0, 1820, 2250, 0, 127, 64, 0
L 1820, 2280, 0, 1800, 2250, 0, 127, 64, 0
L 1540, 2310, 0, 1540, 2370, 0, 0, 127, 0
L 1520, 2340, 0, 1540, 2310, 0, 0, 127, 0
L 1500, 2310, 0, 1520, 2340, 0, 0, 127, 0
L 1500, 2370, 0, 1500, 2310, 0, 0, 127, 0
L 1560, 2340, 0, 1590, 2340, 0, 0, 127, 0
L 1560, 2370, 0, 1590, 2370, 0, 0, 127, 0
L 1560, 2310, 0, 1560, 2370, 0, 0, 127, 0
L 1590, 2310, 0, 1560, 2310, 0, 0, 127, 0
L 1610, 2310, 0, 1610, 2340, 0, 0, 127, 0
L 1610, 2340, 0, 1610, 2370, 0, 0, 127, 0
L 1610, 2340, 0, 1630, 2340, 0, 0, 127, 0
L 1650, 2340, 0, 1650, 2310, 0, 0, 127, 0
L 1610, 2310, 0, 1650, 2310, 0, 0, 127, 0
L 1630, 2340, 0, 1650, 2340, 0, 0, 127, 0
L 1650, 2370, 0, 1630, 2340, 0, 0, 127, 0
L 1700, 2370, 0, 1670, 2370, 0, 0, 127, 0
L 1670, 2310, 0, 1700, 2310, 0, 0, 127, 0
L 1670, 2370, 0, 1670, 2310, 0, 0, 127, 0
L 1720, 2310, 0, 1720, 2340, 0, 0, 127, 0
L 1760, 2370, 0, 1760, 2340, 0, 0, 127, 0
L 1720, 2340, 0, 1720, 2370, 0, 0, 127, 0
L 1760, 2340, 0, 1760, 2310, 0, 0, 127, 0
L 1720, 2340, 0, 1760, 2340, 0, 0, 127, 0
L 1790, 2340, 0, 1810, 2340, 0, 0, 127, 0
L 1800, 2310, 0, 1820, 2370, 0, 0, 127, 0
L 1780, 2370, 0, 1800, 2310, 0, 0, 127, 0
L 1870, 2370, 0, 1870, 2310, 0, 0, 127, 0
L 1840, 2310, 0, 1870, 2370, 0, 0, 127, 0
L 1840, 2370, 0, 1840, 2310, 0, 0, 127, 0
L 1910, 2310, 0, 1910, 2370, 0, 0, 127, 0
L 1890, 2310, 0, 1930, 2310, 0, 0, 127, 0
L 1540, 2400, 0, 1540, 2460, 0, 0, 127, 127
L 1520, 2430, 0, 1540, 2400, 0, 0, 127, 127
L 1500, 2400, 0, 1520, 2430, 0, 0, 127, 127
L 1500, 2460, 0, 1500, 2400, 0, 0, 127, 127
L 1560, 2400, 0, 1560, 2460, 0, 0, 127, 127
L 1580, 2400, 0, 1580, 2430, 0, 0, 127, 127
L 1580, 2460, 0, 1620, 2460, 0, 0, 127, 127
L 1620, 2430, 0, 1580, 2430, 0, 0, 127, 127
L 1580, 2400, 0, 1620, 2400, 0, 0, 127, 127
L 1620, 2430, 0, 1620, 2460, 0, 0, 127, 127
L 1640, 2400, 0, 1640, 2430, 0, 0, 127, 127
L 1640, 2460, 0, 1680, 2460, 0, 0, 127, 127
L 1680, 2430, 0, 1640, 2430, 0, 0, 127, 127
L 1640, 2400, 0, 1680, 2400, 0, 0, 127, 127
L 1680, 2430, 0, 1680, 2460, 0, 0, 127, 127
L 1700, 2400, 0, 1700, 2460, 0, 0, 127, 127
L 1720, 2400, 0, 1750, 2400, 0, 0, 127, 127
L 1720, 2460, 0, 1750, 2460, 0, 0, 127, 127
L 1720, 2400, 0, 1720, 2460, 0, 0, 127, 127
L 1750, 2400, 0, 1750, 2460, 0, 0, 127, 127
L 1800, 2460, 0, 1800, 2400, 0, 0, 127, 127
L 1770, 2400, 0, 1800, 2460, 0, 0, 127, 127
L 1770, 2460, 0, 1770, 2400, 0, 0, 127, 127
L 1530, 2550, 0, 1530, 2490, 0, 127, 64, 0
L 1500, 2490, 0, 1530, 2550, 0, 127, 64, 0
L 1500, 2550, 0, 1500, 2490, 0, 127, 64, 0
L 1560, 2520, 0, 1580, 2520, 0, 127, 64, 0
L 1570, 2490, 0, 1590, 2550, 0, 127, 64, 0
L 1550, 2550, 0, 1570, 2490, 0, 127, 64, 0
L 1650, 2490, 0, 1650, 2550, 0, 127, 64, 0
L 1630, 2520, 0, 1650, 2490, 0, 127, 64, 0
L 1610, 2490, 0, 1630, 2520, 0, 127, 64, 0
L 1610, 2550, 0, 1610, 2490, 0, 127, 64, 0
L 1670, 2520, 0, 1700, 2520, 0, 127, 64, 0
L 1670, 2550, 0, 1700, 2550, 0, 127, 64, 0
L 1670, 2490, 0, 1670, 2550, 0, 127, 64, 0
L 1700, 2490, 0, 1670, 2490, 0, 127, 64, 0
L 1730, 2550, 0, 1730, 2490, 0, 127, 64, 0
L 1740, 2550, 0, 1720, 2550, 0, 127, 64, 0
L 1750, 2520, 0, 1740, 2550, 0, 127, 64, 0
L 1740, 2490, 0, 1750, 2520, 0, 127, 64, 0
L 1720, 2490, 0, 1740, 2490, 0, 127, 64, 0
L 1530, 2610, 0, 1500, 2610, 0, 0, 255, 0
L 1530, 2580, 0, 1530, 2610, 0, 0, 255, 0
L 1500, 2580, 0, 1530, 2580, 0, 0, 255, 0
L 1500, 2640, 0, 1500, 2580, 0, 0, 255, 0
L 1560, 2610, 0, 1580, 2610, 0, 0, 255, 0
L 1570, 2580, 0, 1590, 2640, 0, 0, 255, 0
L 1550, 2640, 0, 1570, 2580, 0, 0, 255, 0
L 1610, 2580, 0, 1610, 2610, 0, 0, 255, 0
L 1610, 2610, 0, 1610, 2640, 0, 0, 255, 0
L 1610, 2610, 0, 1630, 2610, 0, 0, 255, 0
L 1650, 2610, 0, 1650, 2580, 0, 0, 255, 0
L 1610, 2580, 0, 1650, 2580, 0, 0, 255, 0
L 1630, 2610, 0, 1650, 2610, 0, 0, 255, 0
L 1650, 2640, 0, 1630, 2610, 0, 0, 255, 0
L 1700, 2640, 0, 1670, 2640, 0, 0, 255, 0
L 1670, 2580, 0, 1700, 2580, 0, 0, 255, 0
L 1670, 2640, 0, 1670, 2580, 0, 0, 255, 0
L 1720, 2610, 0, 1750, 2610, 0, 0, 255, 0
L 1720, 2640, 0, 1750, 2640, 0, 0, 255, 0
L 1720, 2580, 0, 1720, 2640, 0, 0, 255, 0
L 1750, 2580, 0, 1720, 2580, 0, 0, 255, 0
L 1770, 2580, 0, 1770, 2640, 0, 0, 255, 0
L 1810, 2640, 0, 1770, 2640, 0, 0, 255, 0
L 1830, 2580, 0, 1830, 2610, 0, 0, 255, 0
L 1830, 2640, 0, 1870, 2640, 0, 0, 255, 0
L 1870, 2610, 0, 1830, 2610, 0, 0, 255, 0
L 1830, 2580, 0, 1870, 2580, 0, 0, 255, 0
L 1870, 2610, 0, 1870, 2640, 0, 0, 255, 0
L 1500, 2670, 0, 1500, 2700, 0, 0, 240, 240
L 1500, 2700, 0, 1500, 2730, 0, 0, 240, 240
L 1500, 2700, 0, 1520, 2700, 0, 0, 240, 240
L 1540, 2700, 0, 1540, 2670, 0, 0, 240, 240
L 1500, 2670, 0, 1540, 2670, 0, 0, 240, 240
L 1520, 2700, 0, 1540, 2700, 0, 0, 240, 240
L 1540, 2730, 0, 1520, 2700, 0, 0, 240, 240
L 1570, 2700, 0, 1590, 2700, 0, 0, 240, 240
L 1580, 2670, 0, 1600, 2730, 0, 0, 240, 240
L 1560, 2730, 0, 1580, 2670, 0, 0, 240, 240
L 1620, 2670, 0, 1620, 2730, 0, 0, 240, 240
L 1650, 2730, 0, 1650, 2670, 0, 0, 240, 240
L 1660, 2730, 0, 1640, 2730, 0, 0, 240, 240
L 1670, 2700, 0, 1660, 2730, 0, 0, 240, 240
L 1660, 2670, 0, 1670, 2700, 0, 0, 240, 240
L 1640, 2670, 0, 1660, 2670, 0, 0, 240, 240
L 1500, 2760, 0, 1500, 2790, 0, 0, 255, 0
L 1500, 2820, 0, 1540, 2820, 0, 0, 255, 0
L 1540, 2790, 0, 1500, 2790, 0, 0, 255, 0
L 1500, 2760, 0, 1540, 2760, 0, 0, 255, 0
L 1540, 2790, 0, 1540, 2820, 0, 0, 255, 0
L 1590, 2790, 0, 1560, 2790, 0, 0, 255, 0
L 1590, 2760, 0, 1590, 2790, 0, 0, 255, 0
L 1560, 2760, 0, 1590, 2760, 0, 0, 255, 0
L 1560, 2820, 0, 1560, 2760, 0, 0, 255, 0
L 1610, 2790, 0, 1640, 2790, 0, 0, 255, 0
L 1610, 2820, 0, 1640, 2820, 0, 0, 255, 0
L 1610, 2760, 0, 1610, 2820, 0, 0, 255, 0
L 1640, 2760, 0, 1610, 2760, 0, 0, 255, 0
L 1690, 2820, 0, 1660, 2820, 0, 0, 255, 0
L 1660, 2760, 0, 1690, 2760, 0, 0, 255, 0
L 1660, 2820, 0, 1660, 2760, 0, 0, 255, 0
L 1710, 2760, 0, 1710, 2820, 0, 0, 255, 0
L 1740, 2790, 0, 1760, 2790, 0, 0, 255, 0
L 1750, 2760, 0, 1770, 2820, 0, 0, 255, 0
L 1730, 2820, 0, 1750, 2760, 0, 0, 255, 0
L 1790, 2760, 0, 1790, 2820, 0, 0, 255, 0
L 1830, 2820, 0, 1790, 2820, 0, 0, 255, 0
L 1940, 2820, 0, 1910, 2820, 0, 0, 255, 0
L 1910, 2760, 0, 1940, 2760, 0, 0, 255, 0
L 1910, 2820, 0, 1910, 2760, 0, 0, 255, 0
L 2000, 2760, 0, 2000, 2820, 0, 0, 255, 0
L 1960, 2760, 0, 1960, 2820, 0, 0, 255, 0
L 1960, 2820, 0, 2000, 2820, 0, 0, 255, 0
L 2020, 2760, 0, 2020, 2790, 0, 0, 255, 0
L 2020, 2790, 0, 2020, 2820, 0, 0, 255, 0
L 2020, 2790, 0, 2040, 2790, 0, 0, 255, 0
L 2060, 2790, 0, 2060, 2760, 0, 0, 255, 0
L 2020, 2760, 0, 2060, 2760, 0, 0, 255, 0
L 2040, 2790, 0, 2060, 2790, 0, 0, 255, 0
L 2060, 2820, 0, 2040, 2790, 0, 0, 255, 0
L 2080, 2760, 0, 2080, 2790, 0, 0, 255, 0
L 2080, 2790, 0, 2080, 2820, 0, 0, 255, 0
L 2080, 2790, 0, 2100, 2790, 0, 0, 255, 0
L 2120, 2790, 0, 2120, 2760, 0, 0, 255, 0
L 2080, 2760, 0, 2120, 2760, 0, 0, 255, 0
L 2100, 2790, 0, 2120, 2790, 0, 0, 255, 0
L 2120, 2820, 0, 2100, 2790, 0, 0, 255, 0
L 2140, 2790, 0, 2170, 2790, 0, 0, 255, 0
L 2140, 2820, 0, 2170, 2820, 0, 0, 255, 0
L 2140, 2760, 0, 2140, 2820, 0, 0, 255, 0
L 2170, 2760, 0, 2140, 2760, 0, 0, 255, 0
L 2220, 2820, 0, 2220, 2760, 0, 0, 255, 0
L 2190, 2760, 0, 2220, 2820, 0, 0, 255, 0
L 2190, 2820, 0, 2190, 2760, 0, 0, 255, 0
L 2270, 2820, 0, 2240, 2820, 0, 0, 255, 0
L 2240, 2760, 0, 2270, 2760, 0, 0, 255, 0
L 2240, 2820, 0, 2240, 2760, 0, 0, 255, 0
L 2310, 2790, 0, 2310, 2820, 0, 0, 255, 0
L 2310, 2790, 0, 2330, 2760, 0, 0, 255, 0
L 2290, 2760, 0, 2310, 2790, 0, 0, 255, 0
L 1500, 2850, 0, 1500, 2880, 0, 255, 0, 0
L 1500, 2910, 0, 1540, 2910, 0, 255, 0, 0
L 1540, 2880, 0, 1500, 2880, 0, 255, 0, 0
L 1500, 2850, 0, 1540, 2850, 0, 255, 0, 0
L 1540, 2880, 0, 1540, 2910, 0, 255, 0, 0
L 1600, 2850, 0, 1600, 2910, 0, 255, 0, 0
L 1560, 2850, 0, 1560, 2910, 0, 255, 0, 0
L 1560, 2910, 0, 1600, 2910, 0, 255, 0, 0
L 1650, 2910, 0, 1620, 2910, 0, 255, 0, 0
L 1620, 2850, 0, 1650, 2850, 0, 255, 0, 0
L 1620, 2910, 0, 1620, 2850, 0, 255, 0, 0
L 1700, 2910, 0, 1670, 2910, 0, 255, 0, 0
L 1670, 2850, 0, 1700, 2850, 0, 255, 0, 0
L 1670, 2910, 0, 1670, 2850, 0, 255, 0, 0
L 1720, 2850, 0, 1750, 2850, 0, 255, 0, 0
L 1720, 2910, 0, 1750, 2910, 0, 255, 0, 0
L 1720, 2850, 0, 1720, 2910, 0, 255, 0, 0
L 1750, 2850, 0, 1750, 2910, 0, 255, 0, 0
L 1770, 2850, 0, 1770, 2880, 0, 255, 0, 0
L 1770, 2880, 0, 1770, 2910, 0, 255, 0, 0
L 1770, 2880, 0, 1790, 2880, 0, 255, 0, 0
L 1810, 2880, 0, 1810, 2850, 0, 255, 0, 0
L 1770, 2850, 0, 1810, 2850, 0, 255, 0, 0
L 1790, 2880, 0, 1810, 2880, 0, 255, 0, 0
L 1810, 2910, 0, 1790, 2880, 0, 255, 0, 0
L 1520, 2940, 0, 1520, 3000, 0, 255, 255, 0
L 1500, 2940, 0, 1540, 2940, 0, 255, 255, 0
L 1560, 2970, 0, 1590, 2970, 0, 255, 255, 0
L 1560, 3000, 0, 1590, 3000, 0, 255, 255, 0
L 1560, 2940, 0, 1560, 3000, 0, 255, 255, 0
L 1590, 2940, 0, 1560, 2940, 0, 255, 255, 0
L 1610, 2940, 0, 1610, 3000, 0, 255, 255, 0
L 1650, 3000, 0, 1610, 3000, 0, 255, 255, 0
L 1670, 2970, 0, 1700, 2970, 0, 255, 255, 0
L 1670, 3000, 0, 1700, 3000, 0, 255, 255, 0
L 1670, 2940, 0, 1670, 3000, 0, 255, 255, 0
L 1700, 2940, 0, 1670, 2940, 0, 255, 255, 0
L 1750, 2970, 0, 1720, 2970, 0, 255, 255, 0
L 1750, 2940, 0, 1750, 2970, 0, 255, 255, 0
L 1720, 2940, 0, 1750, 2940, 0, 255, 255, 0
L 1720, 3000, 0, 1720, 2940, 0, 255, 255, 0
L 1770, 2940, 0, 1800, 2940, 0, 255, 255, 0
L 1770, 3000, 0, 1800, 3000, 0, 255, 255, 0
L 1770, 2940, 0, 1770, 3000, 0, 255, 255, 0
L 1800, 2940, 0, 1800, 3000, 0, 255, 255, 0
L 1820, 2940, 0, 1820, 2970, 0, 255, 255, 0
L 1820, 2970, 0, 1820, 3000, 0, 255, 255, 0
L 1820, 2970, 0, 1840, 2970, 0, 255, 255, 0
L 1860, 2970, 0, 1860, 2940, 0, 255, 255, 0
L 1820, 2940, 0, 1860, 2940, 0, 255, 255, 0
L 1840, 2970, 0, 1860, 2970, 0, 255, 255, 0
L 1860, 3000, 0, 1840, 2970, 0, 255, 255, 0
L 1900, 2940, 0, 1900, 3000, 0, 255, 255, 0
L 1880, 2940, 0, 1920, 2940, 0, 255, 255, 0
L 1520, 3030, 0, 1520, 3090, 0, 128, 0, 128
L 1500, 3030, 0, 1540, 3030, 0, 128, 0, 128
L 1560, 3030, 0, 1560, 3060, 0, 128, 0, 128
L 1560, 3060, 0, 1560, 3090, 0, 128, 0, 128
L 1560, 3060, 0, 1580, 3060, 0, 128, 0, 128
L 1600, 3060, 0, 1600, 3030, 0, 128, 0, 128
L 1560, 3030, 0, 1600, 3030, 0, 128, 0, 128
L 1580, 3060, 0, 1600, 3060, 0, 128, 0, 128
L 1600, 3090, 0, 1580, 3060, 0, 128, 0, 128
L 1630, 3060, 0, 1650, 3060, 0, 128, 0, 128
L 1640, 3030, 0, 1660, 3090, 0, 128, 0, 128
L 1620, 3090, 0, 1640, 3030, 0, 128, 0, 128
L 1690, 3090, 0, 1690, 3030, 0, 128, 0, 128
L 1700, 3090, 0, 1680, 3090, 0, 128, 0, 128
L 1710, 3060, 0, 1700, 3090, 0, 128, 0, 128
L 1700, 3030, 0, 1710, 3060, 0, 128, 0, 128
L 1680, 3030, 0, 1700, 3030, 0, 128, 0, 128
L 1730, 3060, 0, 1760, 3060, 0, 128, 0, 128
L 1730, 3090, 0, 1760, 3090, 0, 128, 0, 128
L 1730, 3030, 0, 1730, 3090, 0, 128, 0, 128
L 1760, 3030, 0, 1730, 3030, 0, 128, 0, 128
L 1780, 3030, 0, 1780, 3060, 0, 128, 0, 128
L 1780, 3090, 0, 1820, 3090, 0, 128, 0, 128
L 1820, 3060, 0, 1780, 3060, 0, 128, 0, 128
L 1780, 3030, 0, 1820, 3030, 0, 128, 0, 128
L 1820, 3060, 0, 1820, 3090, 0, 128, 0, 128
L 1840, 3030, 0, 1840, 3060, 0, 128, 0, 128
L 1840, 3060, 0, 1840, 3090, 0, 128, 0, 128
L 1840, 3060, 0, 1880, 3090, 0, 128, 0, 128
L 1840, 3060, 0, 1880, 3030, 0, 128, 0, 128
L 1900, 3030, 0, 1900, 3090, 0, 128, 0, 128
L 1920, 3030, 0, 1920, 3090, 0, 128, 0, 128
L 1960, 3090, 0, 1920, 3090, 0, 128, 0, 128
L 1980, 3030, 0, 1980, 3090, 0, 128, 0, 128
L 2020, 3090, 0, 1980, 3090, 0, 128, 0, 128
L 2130, 3090, 0, 2100, 3090, 0, 128, 0, 128
L 2100, 3030, 0, 2130, 3030, 0, 128, 0, 128
L 2100, 3090, 0, 2100, 3030, 0, 128, 0, 128
L 2150, 3030, 0, 2180, 3030, 0, 128, 0, 128
L 2150, 3090, 0, 2180, 3090, 0, 128, 0, 128
L 2150, 3030, 0, 2150, 3090, 0, 128, 0, 128
L 2180, 3030, 0, 2180, 3090, 0, 128, 0, 128
L 2230, 3090, 0, 2230, 3030, 0, 128, 0, 128
L 2200, 3030, 0, 2230, 3090, 0, 128, 0, 128
L 2200, 3090, 0, 2200, 3030, 0, 128, 0, 128
L 2270, 3030, 0, 2270, 3090, 0, 128, 0, 128
L 2250, 3030, 0, 2290, 3030, 0, 128, 0, 128
L 2320, 3060, 0, 2340, 3060, 0, 128, 0, 128
L 2330, 3030, 0, 2350, 3090, 0, 128, 0, 128
L 2310, 3090, 0, 2330, 3030, 0, 128, 0, 128
L 2370, 3030, 0, 2370, 3090, 0, 128, 0, 128
L 2420, 3090, 0, 2420, 3030, 0, 128, 0, 128
L 2390, 3030, 0, 2420, 3090, 0, 128, 0, 128
L 2390, 3090, 0, 2390, 3030, 0, 128, 0, 128
L 2440, 3060, 0, 2470, 3060, 0, 128, 0, 128
L 2440, 3090, 0, 2470, 3090, 0, 128, 0, 128
L 2440, 3030, 0, 2440, 3090, 0, 128, 0, 128
L 2470, 3030, 0, 2440, 3030, 0, 128, 0, 128
L 2490, 3030, 0, 2490, 3060, 0, 128, 0, 128
L 2490, 3060, 0, 2490, 3090, 0, 128, 0, 128
L 2490, 3060, 0, 2510, 3060, 0, 128, 0, 128
L 2530, 3060, 0, 2530, 3030, 0, 128, 0, 128
L 2490, 3030, 0, 2530, 3030, 0, 128, 0, 128
L 2510, 3060, 0, 2530, 3060, 0, 128, 0, 128
L 2530, 3090, 0, 2510, 3060, 0, 128, 0, 128
L 1520, 3120, 0, 1520, 3180, 0, 255, 255, 0
L 1500, 3120, 0, 1540, 3120, 0, 255, 255, 0
L 1560, 3120, 0, 1560, 3150, 0, 255, 255, 0
L 1560, 3150, 0, 1560, 3180, 0, 255, 255, 0
L 1560, 3150, 0, 1580, 3150, 0, 255, 255, 0
L 1600, 3150, 0, 1600, 3120, 0, 255, 255, 0
L 1560, 3120, 0, 1600, 3120, 0, 255, 255, 0
L 1580, 3150, 0, 1600, 3150, 0, 255, 255, 0
L 1600, 3180, 0, 1580, 3150, 0, 255, 255, 0
L 1630, 3150, 0, 1650, 3150, 0, 255, 255, 0
L 1640, 3120, 0, 1660, 3180, 0, 255, 255, 0
L 1620, 3180, 0, 1640, 3120, 0, 255, 255, 0
L 1710, 3150, 0, 1680, 3150, 0, 255, 255, 0
L 1710, 3120, 0, 1710, 3150, 0, 255, 255, 0
L 1680, 3120, 0, 1710, 3120, 0, 255, 255, 0
L 1680, 3180, 0, 1680, 3120, 0, 255, 255, 0
L 1530, 3210, 0, 1500, 3210, 0, 255, 0, 0
L 1500, 3270, 0, 1530, 3210, 0, 255, 0, 0
L 1500, 3270, 0, 1530, 3270, 0, 255, 0, 0
L 1550, 3210, 0, 1580, 3210, 0, 255, 0, 0
L 1550, 3270, 0, 1580, 3270, 0, 255, 0, 0
L 1550, 3210, 0, 1550, 3270, 0, 255, 0, 0
L 1580, 3210, 0, 1580, 3270, 0, 255, 0, 0
L 1630, 3270, 0, 1630, 3210, 0, 255, 0, 0
L 1600, 3210, 0, 1630, 3270, 0, 255, 0, 0
L 1600, 3270, 0, 1600, 3210, 0, 255, 0, 0
L 1650, 3240, 0, 1680, 3240, 0, 255, 0, 0
L 1650, 3270, 0, 1680, 3270, 0, 255, 0, 0
L 1650, 3210, 0, 1650, 3270, 0, 255, 0, 0
L 1680, 3210, 0, 1650, 3210, 0, 255, 0, 0
P 500, 1400, 0, 0, 0, 0, 2, Original_Map:_Goodurden_<RoI>
P 500, 1600, 0, 0, 0, 0, 2, Hunter_Locations:_Wadin_Pureheart
P 500, 1800, 0, 0, 0, 0, 2, Revised_Map:_Brewall_Rainsiger_(Cazic-Thule)
P 500, 2000, 0, 0, 0, 0, 2, http://www.eqmaps.info
P 500, 2200, 0, 0, 0, 0, 2, Return_of_the_Exiled_(www.roteguild.org)
P 500, 2400, 0, 0, 0, 0, 2, A._Krellnakor_Badges_mob_drop_(Krellnakors)
P 500, 2600, 0, 240, 240, 0, 2, B._Arcron_Artifacts_ground_spawn
P 500, 2800, 0, 0, 0, 0, 2, C._Wulthan_Ceremonies_mob_drop_(Wulthans)
P 500, 3000, 0, 240, 240, 240, 2, D._Fereth_Authority_ground_spawn
P 500, 3200, 0, 127, 64, 0, 2, Artikla,_Fereth_Despot_PH=a_Fereth_commander
P 500, 3400, 0, 127, 64, 0, 2, Elkikatar_PH=a_Kar'Zok_scourge
P 500, 3600, 0, 127, 64, 0, 2, Fereth_Captain_Ordran_PH=a_fereth_captain
P 500, 3800, 0, 127, 64, 0, 2, Gnaw_PH=a_chokidai_elder
P 500, 4000, 0, 127, 64, 0, 2, Head_Boiler_Akett_PH=a_meat_broiler
P 500, 4200, 0, 127, 64, 0, 2, High_Archon_Zeklor_PH=an_Arcron_burner
P 500, 4400, 0, 127, 64, 0, 2, Hissilith,_the_Brittlebones_PH=an_enslaved_skeleton
P 500, 4600, 0, 127, 64, 0, 2, Overlord_Klerkon_PH=a_Krellnakor_destroyer
P 500, 4800, 0, 127, 64, 0, 2, Overlord_Teralov_PH=a_Krellnakor_terror
P 500, 5000, 0, 127, 64, 0, 2, Overlord_Tevik_PH=a_Krellnakor_seeker
P 500, 5200, 0, 127, 64, 0, 2, Rekatok_One-Eye_PH=an_aging_pit_fighter
P 500, 5400, 0, 127, 64, 0, 2, The_Magmalisk_PH=a_hungry_lavalisk
P 500, 5600, 0, 127, 64, 0, 2, Wulthan_Elder_Priest_Ovun_PH=a_wulthan_priest
P 500, 5800, 0, 127, 64, 0, 2, Wulthan_High_Inquisitor_Kraz_PH=a_Wulthan_administrator
