L 1000.0000, 0.0000, 0.0000,  1000.0000, -50.0000, 0.0000,  255, 0, 0
L -20.0000, 50.0000, 0.0000,  -50.0000, 20.0000, 0.0000,  255, 0, 0
L 50.0000, 20.0000, 0.0000,  20.0000, 50.0000, 0.0000,  255, 0, 0
L 20.0000, -50.0000, 0.0000,  50.0000, -20.0000, 0.0000,  255, 0, 0
L -50.0000, -20.0000, 0.0000,  -20.0000, -50.0000, 0.0000,  255, 0, 0
L -50.0000, 20.0000, 0.0000,  -50.0000, -20.0000, 0.0000,  255, 0, 0
L 20.0000, 50.0000, 0.0000,  -20.0000, 50.0000, 0.0000,  255, 0, 0
L 50.0000, -20.0000, 0.0000,  50.0000, 20.0000, 0.0000,  255, 0, 0
L -20.0000, -50.0000, 0.0000,  20.0000, -50.0000, 0.0000,  255, 0, 0
L 580.0000, -20.0000, 0.0000,  540.0000, -20.0000, 0.0000,  255, 0, 0
L 580.0000, -90.0000, 0.0000,  580.0000, -20.0000, 0.0000,  255, 0, 0
L 540.0000, -90.0000, 0.0000,  580.0000, -90.0000, 0.0000,  255, 0, 0
L 540.0000, -20.0000, 0.0000,  540.0000, -90.0000, 0.0000,  255, 0, 0
L 520.0000, -20.0000, 0.0000,  480.0000, -20.0000, 0.0000,  255, 0, 0
L 520.0000, -90.0000, 0.0000,  520.0000, -20.0000, 0.0000,  255, 0, 0
L 480.0000, -90.0000, 0.0000,  520.0000, -90.0000, 0.0000,  255, 0, 0
L 480.0000, -20.0000, 0.0000,  480.0000, -90.0000, 0.0000,  255, 0, 0
L 460.0000, -90.0000, 0.0000,  450.0000, -80.0000, 0.0000,  255, 0, 0
L 460.0000, -20.0000, 0.0000,  460.0000, -90.0000, 0.0000,  255, 0, 0
L 0.0000, -250.0000, 0.0000,  0.0000, 250.0000, 0.0000,  255, 0, 0
L -250.0000, 0.0000, 0.0000,  1000.0000, 0.0000, 0.0000,  255, 0, 0
L -120.0000, -80.0000, 0.0000,  -120.0000, -60.0000, 0.0000,  255, 0, 0
L -120.0000, -60.0000, 0.0000,  -120.0000, -40.0000, 0.0000,  255, 0, 0
L -100.0000, -60.0000, 0.0000,  -120.0000, -60.0000, 0.0000,  255, 0, 0
L -120.0000, -60.0000, 0.0000,  -140.0000, -60.0000, 0.0000,  255, 0, 0
L -90.0000, -50.0000, 0.0000,  -100.0000, -30.0000, 0.0000,  255, 0, 0
L -60.0000, -80.0000, 0.0000,  -60.0000, -60.0000, 0.0000,  255, 0, 0
L -60.0000, -60.0000, 0.0000,  -60.0000, -40.0000, 0.0000,  255, 0, 0
L -40.0000, -60.0000, 0.0000,  -60.0000, -60.0000, 0.0000,  255, 0, 0
L -60.0000, -60.0000, 0.0000,  -80.0000, -60.0000, 0.0000,  255, 0, 0
L 100.0000, 60.0000, 0.0000,  120.0000, 60.0000, 0.0000,  255, 0, 0
L 120.0000, 60.0000, 0.0000,  140.0000, 60.0000, 0.0000,  255, 0, 0
L 90.0000, 70.0000, 0.0000,  80.0000, 90.0000, 0.0000,  255, 0, 0
L 40.0000, 60.0000, 0.0000,  60.0000, 60.0000, 0.0000,  255, 0, 0
L 60.0000, 60.0000, 0.0000,  80.0000, 60.0000, 0.0000,  255, 0, 0
L -100.0000, 60.0000, 0.0000,  -120.0000, 60.0000, 0.0000,  255, 0, 0
L -120.0000, 60.0000, 0.0000,  -140.0000, 60.0000, 0.0000,  255, 0, 0
L -90.0000, 70.0000, 0.0000,  -100.0000, 90.0000, 0.0000,  255, 0, 0
L -60.0000, 80.0000, 0.0000,  -60.0000, 60.0000, 0.0000,  255, 0, 0
L -60.0000, 60.0000, 0.0000,  -60.0000, 40.0000, 0.0000,  255, 0, 0
L -40.0000, 60.0000, 0.0000,  -60.0000, 60.0000, 0.0000,  255, 0, 0
L -60.0000, 60.0000, 0.0000,  -80.0000, 60.0000, 0.0000,  255, 0, 0
L 100.0000, -60.0000, 0.0000,  120.0000, -60.0000, 0.0000,  255, 0, 0
L 120.0000, -60.0000, 0.0000,  140.0000, -60.0000, 0.0000,  255, 0, 0
L 90.0000, -50.0000, 0.0000,  80.0000, -30.0000, 0.0000,  255, 0, 0
L 60.0000, -80.0000, 0.0000,  60.0000, -60.0000, 0.0000,  255, 0, 0
L 60.0000, -60.0000, 0.0000,  60.0000, -40.0000, 0.0000,  255, 0, 0
L 40.0000, -60.0000, 0.0000,  60.0000, -60.0000, 0.0000,  255, 0, 0
L 60.0000, -60.0000, 0.0000,  80.0000, -60.0000, 0.0000,  255, 0, 0
L 599.0000, -90.0000, 0.0000,  637.2999, -90.0000, 0.0000,  255, 0, 0
L 599.0000, -20.0000, 0.0000,  637.2999, -20.0000, 0.0000,  255, 0, 0
L 599.0000, -90.0000, 0.0000,  599.0000, -20.0000, 0.0000,  255, 0, 0
L 637.2999, -90.0000, 0.0000,  637.2999, -20.0000, 0.0000,  255, 0, 0
L -700.0000, 900.0000, 0.0000,  -700.0000, 960.0000, 0.0000,  0, 0, 0
L -660.0000, 960.0000, 0.0000,  -700.0000, 960.0000, 0.0000,  0, 0, 0
L -640.0000, 930.0000, 0.0000,  -610.0000, 930.0000, 0.0000,  0, 0, 0
L -640.0000, 960.0000, 0.0000,  -610.0000, 960.0000, 0.0000,  0, 0, 0
L -640.0000, 900.0000, 0.0000,  -640.0000, 960.0000, 0.0000,  0, 0, 0
L -610.0000, 900.0000, 0.0000,  -640.0000, 900.0000, 0.0000,  0, 0, 0
L -560.0000, 960.0000, 0.0000,  -590.0000, 960.0000, 0.0000,  0, 0, 0
L -590.0000, 900.0000, 0.0000,  -560.0000, 900.0000, 0.0000,  0, 0, 0
L -590.0000, 960.0000, 0.0000,  -590.0000, 900.0000, 0.0000,  0, 0, 0
L -560.0000, 960.0000, 0.0000,  -560.0000, 930.0000, 0.0000,  0, 0, 0
L -560.0000, 930.0000, 0.0000,  -580.0000, 930.0000, 0.0000,  0, 0, 0
L -540.0000, 930.0000, 0.0000,  -510.0000, 930.0000, 0.0000,  0, 0, 0
L -540.0000, 960.0000, 0.0000,  -510.0000, 960.0000, 0.0000,  0, 0, 0
L -540.0000, 900.0000, 0.0000,  -540.0000, 960.0000, 0.0000,  0, 0, 0
L -510.0000, 900.0000, 0.0000,  -540.0000, 900.0000, 0.0000,  0, 0, 0
L -460.0000, 960.0000, 0.0000,  -460.0000, 900.0000, 0.0000,  0, 0, 0
L -490.0000, 900.0000, 0.0000,  -460.0000, 960.0000, 0.0000,  0, 0, 0
L -490.0000, 960.0000, 0.0000,  -490.0000, 900.0000, 0.0000,  0, 0, 0
L -430.0000, 960.0000, 0.0000,  -430.0000, 900.0000, 0.0000,  0, 0, 0
L -420.0000, 960.0000, 0.0000,  -440.0000, 960.0000, 0.0000,  0, 0, 0
L -410.0000, 930.0000, 0.0000,  -420.0000, 960.0000, 0.0000,  0, 0, 0
L -420.0000, 900.0000, 0.0000,  -410.0000, 930.0000, 0.0000,  0, 0, 0
L -440.0000, 900.0000, 0.0000,  -420.0000, 900.0000, 0.0000,  0, 0, 0
L -700.0000, 1110.0000, 0.0000,  -640.0000, 1110.0000, 0.0000,  0, 0, 0
L -700.0000, 1030.0000, 0.0000,  -640.0000, 1030.0000, 0.0000,  0, 0, 0
L -670.0000, 1083.0000, 0.0000,  -670.0000, 1057.0000, 0.0000,  205, 133, 63
L -640.0000, 1110.0000, 0.0000,  -580.0000, 1110.0000, 0.0000,  0, 0, 0
L -640.0000, 1110.0000, 0.0000,  -640.0000, 1083.0000, 0.0000,  205, 133, 63
L -670.0000, 1083.0000, 0.0000,  -610.0000, 1083.0000, 0.0000,  205, 133, 63
L -670.0000, 1057.0000, 0.0000,  -640.0000, 1057.0000, 0.0000,  205, 133, 63
L -640.0000, 1057.0000, 0.0000,  -610.0000, 1057.0000, 0.0000,  205, 133, 63
L -640.0000, 1030.0000, 0.0000,  -580.0000, 1030.0000, 0.0000,  0, 0, 0
L -640.0000, 1057.0000, 0.0000,  -640.0000, 1030.0000, 0.0000,  205, 133, 63
L -610.0000, 1083.0000, 0.0000,  -610.0000, 1057.0000, 0.0000,  205, 133, 63
L -530.0000, 1100.0000, 0.0000,  -530.0000, 1040.0000, 0.0000,  0, 0, 0
L -520.0000, 1100.0000, 0.0000,  -540.0000, 1100.0000, 0.0000,  0, 0, 0
L -510.0000, 1070.0000, 0.0000,  -520.0000, 1100.0000, 0.0000,  0, 0, 0
L -520.0000, 1040.0000, 0.0000,  -510.0000, 1070.0000, 0.0000,  0, 0, 0
L -540.0000, 1040.0000, 0.0000,  -520.0000, 1040.0000, 0.0000,  0, 0, 0
L -490.0000, 1040.0000, 0.0000,  -460.0000, 1040.0000, 0.0000,  0, 0, 0
L -490.0000, 1100.0000, 0.0000,  -460.0000, 1100.0000, 0.0000,  0, 0, 0
L -490.0000, 1040.0000, 0.0000,  -490.0000, 1100.0000, 0.0000,  0, 0, 0
L -460.0000, 1040.0000, 0.0000,  -460.0000, 1100.0000, 0.0000,  0, 0, 0
L -440.0000, 1040.0000, 0.0000,  -410.0000, 1040.0000, 0.0000,  0, 0, 0
L -440.0000, 1100.0000, 0.0000,  -410.0000, 1100.0000, 0.0000,  0, 0, 0
L -440.0000, 1040.0000, 0.0000,  -440.0000, 1100.0000, 0.0000,  0, 0, 0
L -410.0000, 1040.0000, 0.0000,  -410.0000, 1100.0000, 0.0000,  0, 0, 0
L -390.0000, 1040.0000, 0.0000,  -390.0000, 1070.0000, 0.0000,  0, 0, 0
L -390.0000, 1070.0000, 0.0000,  -390.0000, 1100.0000, 0.0000,  0, 0, 0
L -390.0000, 1070.0000, 0.0000,  -370.0000, 1070.0000, 0.0000,  0, 0, 0
L -350.0000, 1070.0000, 0.0000,  -350.0000, 1040.0000, 0.0000,  0, 0, 0
L -390.0000, 1040.0000, 0.0000,  -350.0000, 1040.0000, 0.0000,  0, 0, 0
L -370.0000, 1070.0000, 0.0000,  -350.0000, 1070.0000, 0.0000,  0, 0, 0
L -350.0000, 1100.0000, 0.0000,  -370.0000, 1070.0000, 0.0000,  0, 0, 0
L -700.0000, 1230.0000, 0.0000,  -640.0000, 1230.0000, 0.0000,  0, 0, 0
L -700.0000, 1150.0000, 0.0000,  -640.0000, 1150.0000, 0.0000,  0, 0, 0
L -670.0000, 1203.0000, 0.0000,  -670.0000, 1177.0000, 0.0000,  255, 255, 0
L -640.0000, 1230.0000, 0.0000,  -580.0000, 1230.0000, 0.0000,  0, 0, 0
L -640.0000, 1230.0000, 0.0000,  -640.0000, 1203.0000, 0.0000,  255, 255, 0
L -670.0000, 1203.0000, 0.0000,  -610.0000, 1203.0000, 0.0000,  255, 255, 0
L -670.0000, 1177.0000, 0.0000,  -640.0000, 1177.0000, 0.0000,  255, 255, 0
L -640.0000, 1177.0000, 0.0000,  -610.0000, 1177.0000, 0.0000,  255, 255, 0
L -640.0000, 1150.0000, 0.0000,  -580.0000, 1150.0000, 0.0000,  0, 0, 0
L -640.0000, 1177.0000, 0.0000,  -640.0000, 1150.0000, 0.0000,  255, 255, 0
L -610.0000, 1203.0000, 0.0000,  -610.0000, 1177.0000, 0.0000,  255, 255, 0
L -540.0000, 1160.0000, 0.0000,  -540.0000, 1220.0000, 0.0000,  0, 0, 0
L -500.0000, 1220.0000, 0.0000,  -540.0000, 1220.0000, 0.0000,  0, 0, 0
L -480.0000, 1160.0000, 0.0000,  -450.0000, 1160.0000, 0.0000,  0, 0, 0
L -480.0000, 1220.0000, 0.0000,  -450.0000, 1220.0000, 0.0000,  0, 0, 0
L -480.0000, 1160.0000, 0.0000,  -480.0000, 1220.0000, 0.0000,  0, 0, 0
L -450.0000, 1160.0000, 0.0000,  -450.0000, 1220.0000, 0.0000,  0, 0, 0
L -400.0000, 1220.0000, 0.0000,  -430.0000, 1220.0000, 0.0000,  0, 0, 0
L -430.0000, 1160.0000, 0.0000,  -400.0000, 1160.0000, 0.0000,  0, 0, 0
L -430.0000, 1220.0000, 0.0000,  -430.0000, 1160.0000, 0.0000,  0, 0, 0
L -380.0000, 1160.0000, 0.0000,  -380.0000, 1190.0000, 0.0000,  0, 0, 0
L -380.0000, 1190.0000, 0.0000,  -380.0000, 1220.0000, 0.0000,  0, 0, 0
L -380.0000, 1190.0000, 0.0000,  -340.0000, 1220.0000, 0.0000,  0, 0, 0
L -380.0000, 1190.0000, 0.0000,  -340.0000, 1160.0000, 0.0000,  0, 0, 0
L -320.0000, 1190.0000, 0.0000,  -290.0000, 1190.0000, 0.0000,  0, 0, 0
L -320.0000, 1220.0000, 0.0000,  -290.0000, 1220.0000, 0.0000,  0, 0, 0
L -320.0000, 1160.0000, 0.0000,  -320.0000, 1220.0000, 0.0000,  0, 0, 0
L -290.0000, 1160.0000, 0.0000,  -320.0000, 1160.0000, 0.0000,  0, 0, 0
L -260.0000, 1220.0000, 0.0000,  -260.0000, 1160.0000, 0.0000,  0, 0, 0
L -250.0000, 1220.0000, 0.0000,  -270.0000, 1220.0000, 0.0000,  0, 0, 0
L -240.0000, 1190.0000, 0.0000,  -250.0000, 1220.0000, 0.0000,  0, 0, 0
L -250.0000, 1160.0000, 0.0000,  -240.0000, 1190.0000, 0.0000,  0, 0, 0
L -270.0000, 1160.0000, 0.0000,  -250.0000, 1160.0000, 0.0000,  0, 0, 0
L -150.0000, 1220.0000, 0.0000,  -150.0000, 1160.0000, 0.0000,  0, 0, 0
L -140.0000, 1220.0000, 0.0000,  -160.0000, 1220.0000, 0.0000,  0, 0, 0
L -130.0000, 1190.0000, 0.0000,  -140.0000, 1220.0000, 0.0000,  0, 0, 0
L -140.0000, 1160.0000, 0.0000,  -130.0000, 1190.0000, 0.0000,  0, 0, 0
L -160.0000, 1160.0000, 0.0000,  -140.0000, 1160.0000, 0.0000,  0, 0, 0
L -110.0000, 1160.0000, 0.0000,  -80.0000, 1160.0000, 0.0000,  0, 0, 0
L -110.0000, 1220.0000, 0.0000,  -80.0000, 1220.0000, 0.0000,  0, 0, 0
L -110.0000, 1160.0000, 0.0000,  -110.0000, 1220.0000, 0.0000,  0, 0, 0
L -80.0000, 1160.0000, 0.0000,  -80.0000, 1220.0000, 0.0000,  0, 0, 0
L -60.0000, 1160.0000, 0.0000,  -30.0000, 1160.0000, 0.0000,  0, 0, 0
L -60.0000, 1220.0000, 0.0000,  -30.0000, 1220.0000, 0.0000,  0, 0, 0
L -60.0000, 1160.0000, 0.0000,  -60.0000, 1220.0000, 0.0000,  0, 0, 0
L -30.0000, 1160.0000, 0.0000,  -30.0000, 1220.0000, 0.0000,  0, 0, 0
L -10.0000, 1160.0000, 0.0000,  -10.0000, 1190.0000, 0.0000,  0, 0, 0
L -10.0000, 1190.0000, 0.0000,  -10.0000, 1220.0000, 0.0000,  0, 0, 0
L -10.0000, 1190.0000, 0.0000,  10.0000, 1190.0000, 0.0000,  0, 0, 0
L 30.0000, 1190.0000, 0.0000,  30.0000, 1160.0000, 0.0000,  0, 0, 0
L -10.0000, 1160.0000, 0.0000,  30.0000, 1160.0000, 0.0000,  0, 0, 0
L 10.0000, 1190.0000, 0.0000,  30.0000, 1190.0000, 0.0000,  0, 0, 0
L 30.0000, 1220.0000, 0.0000,  10.0000, 1190.0000, 0.0000,  0, 0, 0
L -700.0000, 1270.0000, 0.0000,  -700.0000, 1300.0000, 0.0000,  255, 210, 0
L -700.0000, 1270.0000, 0.0000,  -680.0000, 1270.0000, 0.0000,  255, 210, 0
L -680.0000, 1330.0000, 0.0000,  -700.0000, 1330.0000, 0.0000,  255, 210, 0
L -700.0000, 1300.0000, 0.0000,  -700.0000, 1330.0000, 0.0000,  255, 210, 0
L -680.0000, 1300.0000, 0.0000,  -700.0000, 1300.0000, 0.0000,  255, 210, 0
L -680.0000, 1300.0000, 0.0000,  -660.0000, 1285.0000, 0.0000,  255, 210, 0
L -680.0000, 1270.0000, 0.0000,  -660.0000, 1285.0000, 0.0000,  255, 210, 0
L -680.0000, 1300.0000, 0.0000,  -660.0000, 1315.0000, 0.0000,  255, 210, 0
L -660.0000, 1315.0000, 0.0000,  -680.0000, 1330.0000, 0.0000,  255, 210, 0
L -630.0000, 1300.0000, 0.0000,  -610.0000, 1300.0000, 0.0000,  255, 210, 0
L -620.0000, 1270.0000, 0.0000,  -600.0000, 1330.0000, 0.0000,  255, 210, 0
L -640.0000, 1330.0000, 0.0000,  -620.0000, 1270.0000, 0.0000,  255, 210, 0
L -550.0000, 1330.0000, 0.0000,  -550.0000, 1270.0000, 0.0000,  255, 210, 0
L -580.0000, 1270.0000, 0.0000,  -550.0000, 1330.0000, 0.0000,  255, 210, 0
L -580.0000, 1330.0000, 0.0000,  -580.0000, 1270.0000, 0.0000,  255, 210, 0
L -530.0000, 1270.0000, 0.0000,  -530.0000, 1300.0000, 0.0000,  255, 210, 0
L -530.0000, 1300.0000, 0.0000,  -530.0000, 1330.0000, 0.0000,  255, 210, 0
L -530.0000, 1300.0000, 0.0000,  -490.0000, 1330.0000, 0.0000,  255, 210, 0
L -530.0000, 1300.0000, 0.0000,  -490.0000, 1270.0000, 0.0000,  255, 210, 0
L -470.0000, 1300.0000, 0.0000,  -440.0000, 1300.0000, 0.0000,  255, 210, 0
L -470.0000, 1330.0000, 0.0000,  -440.0000, 1330.0000, 0.0000,  255, 210, 0
L -470.0000, 1270.0000, 0.0000,  -470.0000, 1330.0000, 0.0000,  255, 210, 0
L -440.0000, 1270.0000, 0.0000,  -470.0000, 1270.0000, 0.0000,  255, 210, 0
L -420.0000, 1270.0000, 0.0000,  -420.0000, 1300.0000, 0.0000,  255, 210, 0
L -420.0000, 1300.0000, 0.0000,  -420.0000, 1330.0000, 0.0000,  255, 210, 0
L -420.0000, 1300.0000, 0.0000,  -400.0000, 1300.0000, 0.0000,  255, 210, 0
L -380.0000, 1300.0000, 0.0000,  -380.0000, 1270.0000, 0.0000,  255, 210, 0
L -420.0000, 1270.0000, 0.0000,  -380.0000, 1270.0000, 0.0000,  255, 210, 0
L -400.0000, 1300.0000, 0.0000,  -380.0000, 1300.0000, 0.0000,  255, 210, 0
L -380.0000, 1330.0000, 0.0000,  -400.0000, 1300.0000, 0.0000,  255, 210, 0
L -670.0000, 1420.0000, 0.0000,  -700.0000, 1420.0000, 0.0000,  255, 255, 255
L -700.0000, 1360.0000, 0.0000,  -670.0000, 1360.0000, 0.0000,  255, 255, 255
L -700.0000, 1420.0000, 0.0000,  -700.0000, 1360.0000, 0.0000,  255, 255, 255
L -650.0000, 1360.0000, 0.0000,  -620.0000, 1360.0000, 0.0000,  255, 255, 255
L -650.0000, 1420.0000, 0.0000,  -620.0000, 1420.0000, 0.0000,  255, 255, 255
L -650.0000, 1360.0000, 0.0000,  -650.0000, 1420.0000, 0.0000,  255, 255, 255
L -620.0000, 1360.0000, 0.0000,  -620.0000, 1420.0000, 0.0000,  255, 255, 255
L -560.0000, 1360.0000, 0.0000,  -560.0000, 1420.0000, 0.0000,  255, 255, 255
L -580.0000, 1390.0000, 0.0000,  -560.0000, 1360.0000, 0.0000,  255, 255, 255
L -600.0000, 1360.0000, 0.0000,  -580.0000, 1390.0000, 0.0000,  255, 255, 255
L -600.0000, 1420.0000, 0.0000,  -600.0000, 1360.0000, 0.0000,  255, 255, 255
L -500.0000, 1360.0000, 0.0000,  -500.0000, 1420.0000, 0.0000,  255, 255, 255
L -520.0000, 1390.0000, 0.0000,  -500.0000, 1360.0000, 0.0000,  255, 255, 255
L -540.0000, 1360.0000, 0.0000,  -520.0000, 1390.0000, 0.0000,  255, 255, 255
L -540.0000, 1420.0000, 0.0000,  -540.0000, 1360.0000, 0.0000,  255, 255, 255
L -480.0000, 1390.0000, 0.0000,  -450.0000, 1390.0000, 0.0000,  255, 255, 255
L -480.0000, 1420.0000, 0.0000,  -450.0000, 1420.0000, 0.0000,  255, 255, 255
L -480.0000, 1360.0000, 0.0000,  -480.0000, 1420.0000, 0.0000,  255, 255, 255
L -450.0000, 1360.0000, 0.0000,  -480.0000, 1360.0000, 0.0000,  255, 255, 255
L -400.0000, 1420.0000, 0.0000,  -400.0000, 1360.0000, 0.0000,  255, 255, 255
L -430.0000, 1360.0000, 0.0000,  -400.0000, 1420.0000, 0.0000,  255, 255, 255
L -430.0000, 1420.0000, 0.0000,  -430.0000, 1360.0000, 0.0000,  255, 255, 255
L -360.0000, 1360.0000, 0.0000,  -360.0000, 1420.0000, 0.0000,  255, 255, 255
L -380.0000, 1360.0000, 0.0000,  -340.0000, 1360.0000, 0.0000,  255, 255, 255
L -670.0000, 1510.0000, 0.0000,  -700.0000, 1510.0000, 0.0000,  0, 0, 0
L -700.0000, 1450.0000, 0.0000,  -670.0000, 1450.0000, 0.0000,  0, 0, 0
L -700.0000, 1510.0000, 0.0000,  -700.0000, 1450.0000, 0.0000,  0, 0, 0
L -670.0000, 1510.0000, 0.0000,  -670.0000, 1480.0000, 0.0000,  0, 0, 0
L -670.0000, 1480.0000, 0.0000,  -690.0000, 1480.0000, 0.0000,  0, 0, 0
L -650.0000, 1480.0000, 0.0000,  -620.0000, 1480.0000, 0.0000,  0, 0, 0
L -650.0000, 1510.0000, 0.0000,  -620.0000, 1510.0000, 0.0000,  0, 0, 0
L -650.0000, 1450.0000, 0.0000,  -650.0000, 1510.0000, 0.0000,  0, 0, 0
L -620.0000, 1450.0000, 0.0000,  -650.0000, 1450.0000, 0.0000,  0, 0, 0
L -570.0000, 1510.0000, 0.0000,  -570.0000, 1450.0000, 0.0000,  0, 0, 0
L -600.0000, 1450.0000, 0.0000,  -570.0000, 1510.0000, 0.0000,  0, 0, 0
L -600.0000, 1510.0000, 0.0000,  -600.0000, 1450.0000, 0.0000,  0, 0, 0
L -550.0000, 1480.0000, 0.0000,  -520.0000, 1480.0000, 0.0000,  0, 0, 0
L -550.0000, 1510.0000, 0.0000,  -520.0000, 1510.0000, 0.0000,  0, 0, 0
L -550.0000, 1450.0000, 0.0000,  -550.0000, 1510.0000, 0.0000,  0, 0, 0
L -520.0000, 1450.0000, 0.0000,  -550.0000, 1450.0000, 0.0000,  0, 0, 0
L -500.0000, 1450.0000, 0.0000,  -500.0000, 1480.0000, 0.0000,  0, 0, 0
L -500.0000, 1480.0000, 0.0000,  -500.0000, 1510.0000, 0.0000,  0, 0, 0
L -500.0000, 1480.0000, 0.0000,  -480.0000, 1480.0000, 0.0000,  0, 0, 0
L -460.0000, 1480.0000, 0.0000,  -460.0000, 1450.0000, 0.0000,  0, 0, 0
L -500.0000, 1450.0000, 0.0000,  -460.0000, 1450.0000, 0.0000,  0, 0, 0
L -480.0000, 1480.0000, 0.0000,  -460.0000, 1480.0000, 0.0000,  0, 0, 0
L -460.0000, 1510.0000, 0.0000,  -480.0000, 1480.0000, 0.0000,  0, 0, 0
L -430.0000, 1480.0000, 0.0000,  -410.0000, 1480.0000, 0.0000,  0, 0, 0
L -420.0000, 1450.0000, 0.0000,  -400.0000, 1510.0000, 0.0000,  0, 0, 0
L -440.0000, 1510.0000, 0.0000,  -420.0000, 1450.0000, 0.0000,  0, 0, 0
L -380.0000, 1450.0000, 0.0000,  -380.0000, 1510.0000, 0.0000,  0, 0, 0
L -340.0000, 1510.0000, 0.0000,  -380.0000, 1510.0000, 0.0000,  0, 0, 0
L -670.0000, 1600.0000, 0.0000,  -700.0000, 1600.0000, 0.0000,  0, 0, 255
L -700.0000, 1540.0000, 0.0000,  -670.0000, 1540.0000, 0.0000,  0, 0, 255
L -700.0000, 1600.0000, 0.0000,  -700.0000, 1540.0000, 0.0000,  0, 0, 255
L -670.0000, 1600.0000, 0.0000,  -670.0000, 1570.0000, 0.0000,  0, 0, 255
L -670.0000, 1570.0000, 0.0000,  -690.0000, 1570.0000, 0.0000,  0, 0, 255
L -650.0000, 1540.0000, 0.0000,  -650.0000, 1570.0000, 0.0000,  0, 0, 255
L -650.0000, 1570.0000, 0.0000,  -650.0000, 1600.0000, 0.0000,  0, 0, 255
L -650.0000, 1570.0000, 0.0000,  -630.0000, 1570.0000, 0.0000,  0, 0, 255
L -610.0000, 1570.0000, 0.0000,  -610.0000, 1540.0000, 0.0000,  0, 0, 255
L -650.0000, 1540.0000, 0.0000,  -610.0000, 1540.0000, 0.0000,  0, 0, 255
L -630.0000, 1570.0000, 0.0000,  -610.0000, 1570.0000, 0.0000,  0, 0, 255
L -610.0000, 1600.0000, 0.0000,  -630.0000, 1570.0000, 0.0000,  0, 0, 255
L -590.0000, 1540.0000, 0.0000,  -560.0000, 1540.0000, 0.0000,  0, 0, 255
L -590.0000, 1600.0000, 0.0000,  -560.0000, 1600.0000, 0.0000,  0, 0, 255
L -590.0000, 1540.0000, 0.0000,  -590.0000, 1600.0000, 0.0000,  0, 0, 255
L -560.0000, 1540.0000, 0.0000,  -560.0000, 1600.0000, 0.0000,  0, 0, 255
L -500.0000, 1540.0000, 0.0000,  -500.0000, 1600.0000, 0.0000,  0, 0, 255
L -540.0000, 1540.0000, 0.0000,  -540.0000, 1600.0000, 0.0000,  0, 0, 255
L -540.0000, 1600.0000, 0.0000,  -500.0000, 1600.0000, 0.0000,  0, 0, 255
L -450.0000, 1600.0000, 0.0000,  -450.0000, 1540.0000, 0.0000,  0, 0, 255
L -480.0000, 1540.0000, 0.0000,  -450.0000, 1600.0000, 0.0000,  0, 0, 255
L -480.0000, 1600.0000, 0.0000,  -480.0000, 1540.0000, 0.0000,  0, 0, 255
L -420.0000, 1600.0000, 0.0000,  -420.0000, 1540.0000, 0.0000,  0, 0, 255
L -410.0000, 1600.0000, 0.0000,  -430.0000, 1600.0000, 0.0000,  0, 0, 255
L -400.0000, 1570.0000, 0.0000,  -410.0000, 1600.0000, 0.0000,  0, 0, 255
L -410.0000, 1540.0000, 0.0000,  -400.0000, 1570.0000, 0.0000,  0, 0, 255
L -430.0000, 1540.0000, 0.0000,  -410.0000, 1540.0000, 0.0000,  0, 0, 255
L -320.0000, 1540.0000, 0.0000,  -320.0000, 1570.0000, 0.0000,  0, 0, 255
L -320.0000, 1600.0000, 0.0000,  -280.0000, 1600.0000, 0.0000,  0, 0, 255
L -280.0000, 1570.0000, 0.0000,  -320.0000, 1570.0000, 0.0000,  0, 0, 255
L -320.0000, 1540.0000, 0.0000,  -280.0000, 1540.0000, 0.0000,  0, 0, 255
L -280.0000, 1570.0000, 0.0000,  -280.0000, 1600.0000, 0.0000,  0, 0, 255
L -230.0000, 1570.0000, 0.0000,  -260.0000, 1570.0000, 0.0000,  0, 0, 255
L -230.0000, 1540.0000, 0.0000,  -230.0000, 1570.0000, 0.0000,  0, 0, 255
L -260.0000, 1540.0000, 0.0000,  -230.0000, 1540.0000, 0.0000,  0, 0, 255
L -260.0000, 1600.0000, 0.0000,  -260.0000, 1540.0000, 0.0000,  0, 0, 255
L -200.0000, 1570.0000, 0.0000,  -180.0000, 1570.0000, 0.0000,  0, 0, 255
L -190.0000, 1540.0000, 0.0000,  -170.0000, 1600.0000, 0.0000,  0, 0, 255
L -210.0000, 1600.0000, 0.0000,  -190.0000, 1540.0000, 0.0000,  0, 0, 255
L -120.0000, 1600.0000, 0.0000,  -110.0000, 1540.0000, 0.0000,  0, 0, 255
L -130.0000, 1570.0000, 0.0000,  -120.0000, 1600.0000, 0.0000,  0, 0, 255
L -140.0000, 1600.0000, 0.0000,  -130.0000, 1570.0000, 0.0000,  0, 0, 255
L -150.0000, 1540.0000, 0.0000,  -140.0000, 1600.0000, 0.0000,  0, 0, 255
L -60.0000, 1600.0000, 0.0000,  -60.0000, 1540.0000, 0.0000,  0, 0, 255
L -90.0000, 1540.0000, 0.0000,  -60.0000, 1600.0000, 0.0000,  0, 0, 255
L -90.0000, 1600.0000, 0.0000,  -90.0000, 1540.0000, 0.0000,  0, 0, 255
L -670.0000, 1690.0000, 0.0000,  -700.0000, 1690.0000, 0.0000,  128, 128, 128
L -700.0000, 1630.0000, 0.0000,  -670.0000, 1630.0000, 0.0000,  128, 128, 128
L -700.0000, 1690.0000, 0.0000,  -700.0000, 1630.0000, 0.0000,  128, 128, 128
L -670.0000, 1690.0000, 0.0000,  -670.0000, 1660.0000, 0.0000,  128, 128, 128
L -670.0000, 1660.0000, 0.0000,  -690.0000, 1660.0000, 0.0000,  128, 128, 128
L -610.0000, 1630.0000, 0.0000,  -610.0000, 1690.0000, 0.0000,  128, 128, 128
L -650.0000, 1630.0000, 0.0000,  -650.0000, 1690.0000, 0.0000,  128, 128, 128
L -650.0000, 1690.0000, 0.0000,  -610.0000, 1690.0000, 0.0000,  128, 128, 128
L -590.0000, 1630.0000, 0.0000,  -590.0000, 1690.0000, 0.0000,  128, 128, 128
L -570.0000, 1630.0000, 0.0000,  -570.0000, 1690.0000, 0.0000,  128, 128, 128
L -530.0000, 1690.0000, 0.0000,  -570.0000, 1690.0000, 0.0000,  128, 128, 128
L -500.0000, 1690.0000, 0.0000,  -500.0000, 1630.0000, 0.0000,  128, 128, 128
L -490.0000, 1690.0000, 0.0000,  -510.0000, 1690.0000, 0.0000,  128, 128, 128
L -480.0000, 1660.0000, 0.0000,  -490.0000, 1690.0000, 0.0000,  128, 128, 128
L -490.0000, 1630.0000, 0.0000,  -480.0000, 1660.0000, 0.0000,  128, 128, 128
L -510.0000, 1630.0000, 0.0000,  -490.0000, 1630.0000, 0.0000,  128, 128, 128
L -360.0000, 1630.0000, 0.0000,  -360.0000, 1690.0000, 0.0000,  128, 128, 128
L -380.0000, 1660.0000, 0.0000,  -360.0000, 1630.0000, 0.0000,  128, 128, 128
L -400.0000, 1630.0000, 0.0000,  -380.0000, 1660.0000, 0.0000,  128, 128, 128
L -400.0000, 1690.0000, 0.0000,  -400.0000, 1630.0000, 0.0000,  128, 128, 128
L -330.0000, 1660.0000, 0.0000,  -310.0000, 1660.0000, 0.0000,  128, 128, 128
L -320.0000, 1630.0000, 0.0000,  -300.0000, 1690.0000, 0.0000,  128, 128, 128
L -340.0000, 1690.0000, 0.0000,  -320.0000, 1630.0000, 0.0000,  128, 128, 128
L -280.0000, 1630.0000, 0.0000,  -280.0000, 1660.0000, 0.0000,  128, 128, 128
L -280.0000, 1690.0000, 0.0000,  -240.0000, 1690.0000, 0.0000,  128, 128, 128
L -240.0000, 1660.0000, 0.0000,  -280.0000, 1660.0000, 0.0000,  128, 128, 128
L -280.0000, 1630.0000, 0.0000,  -240.0000, 1630.0000, 0.0000,  128, 128, 128
L -240.0000, 1660.0000, 0.0000,  -240.0000, 1690.0000, 0.0000,  128, 128, 128
L -200.0000, 1630.0000, 0.0000,  -200.0000, 1690.0000, 0.0000,  128, 128, 128
L -220.0000, 1630.0000, 0.0000,  -180.0000, 1630.0000, 0.0000,  128, 128, 128
L -160.0000, 1660.0000, 0.0000,  -130.0000, 1660.0000, 0.0000,  128, 128, 128
L -160.0000, 1690.0000, 0.0000,  -130.0000, 1690.0000, 0.0000,  128, 128, 128
L -160.0000, 1630.0000, 0.0000,  -160.0000, 1690.0000, 0.0000,  128, 128, 128
L -130.0000, 1630.0000, 0.0000,  -160.0000, 1630.0000, 0.0000,  128, 128, 128
L -110.0000, 1630.0000, 0.0000,  -110.0000, 1660.0000, 0.0000,  128, 128, 128
L -110.0000, 1660.0000, 0.0000,  -110.0000, 1690.0000, 0.0000,  128, 128, 128
L -110.0000, 1660.0000, 0.0000,  -90.0000, 1660.0000, 0.0000,  128, 128, 128
L -70.0000, 1660.0000, 0.0000,  -70.0000, 1630.0000, 0.0000,  128, 128, 128
L -110.0000, 1630.0000, 0.0000,  -70.0000, 1630.0000, 0.0000,  128, 128, 128
L -90.0000, 1660.0000, 0.0000,  -70.0000, 1660.0000, 0.0000,  128, 128, 128
L -70.0000, 1690.0000, 0.0000,  -90.0000, 1660.0000, 0.0000,  128, 128, 128
L -700.0000, 1720.0000, 0.0000,  -700.0000, 1750.0000, 0.0000,  127, 64, 0
L -660.0000, 1780.0000, 0.0000,  -660.0000, 1750.0000, 0.0000,  127, 64, 0
L -700.0000, 1750.0000, 0.0000,  -700.0000, 1780.0000, 0.0000,  127, 64, 0
L -660.0000, 1750.0000, 0.0000,  -660.0000, 1720.0000, 0.0000,  127, 64, 0
L -700.0000, 1750.0000, 0.0000,  -660.0000, 1750.0000, 0.0000,  127, 64, 0
L -600.0000, 1720.0000, 0.0000,  -600.0000, 1780.0000, 0.0000,  127, 64, 0
L -640.0000, 1720.0000, 0.0000,  -640.0000, 1780.0000, 0.0000,  127, 64, 0
L -640.0000, 1780.0000, 0.0000,  -600.0000, 1780.0000, 0.0000,  127, 64, 0
L -550.0000, 1780.0000, 0.0000,  -550.0000, 1720.0000, 0.0000,  127, 64, 0
L -580.0000, 1720.0000, 0.0000,  -550.0000, 1780.0000, 0.0000,  127, 64, 0
L -580.0000, 1780.0000, 0.0000,  -580.0000, 1720.0000, 0.0000,  127, 64, 0
L -510.0000, 1720.0000, 0.0000,  -510.0000, 1780.0000, 0.0000,  127, 64, 0
L -530.0000, 1720.0000, 0.0000,  -490.0000, 1720.0000, 0.0000,  127, 64, 0
L -470.0000, 1750.0000, 0.0000,  -440.0000, 1750.0000, 0.0000,  127, 64, 0
L -470.0000, 1780.0000, 0.0000,  -440.0000, 1780.0000, 0.0000,  127, 64, 0
L -470.0000, 1720.0000, 0.0000,  -470.0000, 1780.0000, 0.0000,  127, 64, 0
L -440.0000, 1720.0000, 0.0000,  -470.0000, 1720.0000, 0.0000,  127, 64, 0
L -420.0000, 1720.0000, 0.0000,  -420.0000, 1750.0000, 0.0000,  127, 64, 0
L -420.0000, 1750.0000, 0.0000,  -420.0000, 1780.0000, 0.0000,  127, 64, 0
L -420.0000, 1750.0000, 0.0000,  -400.0000, 1750.0000, 0.0000,  127, 64, 0
L -380.0000, 1750.0000, 0.0000,  -380.0000, 1720.0000, 0.0000,  127, 64, 0
L -420.0000, 1720.0000, 0.0000,  -380.0000, 1720.0000, 0.0000,  127, 64, 0
L -400.0000, 1750.0000, 0.0000,  -380.0000, 1750.0000, 0.0000,  127, 64, 0
L -380.0000, 1780.0000, 0.0000,  -400.0000, 1750.0000, 0.0000,  127, 64, 0
L -660.0000, 1810.0000, 0.0000,  -660.0000, 1870.0000, 0.0000,  0, 127, 0
L -680.0000, 1840.0000, 0.0000,  -660.0000, 1810.0000, 0.0000,  0, 127, 0
L -700.0000, 1810.0000, 0.0000,  -680.0000, 1840.0000, 0.0000,  0, 127, 0
L -700.0000, 1870.0000, 0.0000,  -700.0000, 1810.0000, 0.0000,  0, 127, 0
L -640.0000, 1840.0000, 0.0000,  -610.0000, 1840.0000, 0.0000,  0, 127, 0
L -640.0000, 1870.0000, 0.0000,  -610.0000, 1870.0000, 0.0000,  0, 127, 0
L -640.0000, 1810.0000, 0.0000,  -640.0000, 1870.0000, 0.0000,  0, 127, 0
L -610.0000, 1810.0000, 0.0000,  -640.0000, 1810.0000, 0.0000,  0, 127, 0
L -590.0000, 1810.0000, 0.0000,  -590.0000, 1840.0000, 0.0000,  0, 127, 0
L -590.0000, 1840.0000, 0.0000,  -590.0000, 1870.0000, 0.0000,  0, 127, 0
L -590.0000, 1840.0000, 0.0000,  -570.0000, 1840.0000, 0.0000,  0, 127, 0
L -550.0000, 1840.0000, 0.0000,  -550.0000, 1810.0000, 0.0000,  0, 127, 0
L -590.0000, 1810.0000, 0.0000,  -550.0000, 1810.0000, 0.0000,  0, 127, 0
L -570.0000, 1840.0000, 0.0000,  -550.0000, 1840.0000, 0.0000,  0, 127, 0
L -550.0000, 1870.0000, 0.0000,  -570.0000, 1840.0000, 0.0000,  0, 127, 0
L -500.0000, 1870.0000, 0.0000,  -530.0000, 1870.0000, 0.0000,  0, 127, 0
L -530.0000, 1810.0000, 0.0000,  -500.0000, 1810.0000, 0.0000,  0, 127, 0
L -530.0000, 1870.0000, 0.0000,  -530.0000, 1810.0000, 0.0000,  0, 127, 0
L -480.0000, 1810.0000, 0.0000,  -480.0000, 1840.0000, 0.0000,  0, 127, 0
L -440.0000, 1870.0000, 0.0000,  -440.0000, 1840.0000, 0.0000,  0, 127, 0
L -480.0000, 1840.0000, 0.0000,  -480.0000, 1870.0000, 0.0000,  0, 127, 0
L -440.0000, 1840.0000, 0.0000,  -440.0000, 1810.0000, 0.0000,  0, 127, 0
L -480.0000, 1840.0000, 0.0000,  -440.0000, 1840.0000, 0.0000,  0, 127, 0
L -410.0000, 1840.0000, 0.0000,  -390.0000, 1840.0000, 0.0000,  0, 127, 0
L -400.0000, 1810.0000, 0.0000,  -380.0000, 1870.0000, 0.0000,  0, 127, 0
L -420.0000, 1870.0000, 0.0000,  -400.0000, 1810.0000, 0.0000,  0, 127, 0
L -330.0000, 1870.0000, 0.0000,  -330.0000, 1810.0000, 0.0000,  0, 127, 0
L -360.0000, 1810.0000, 0.0000,  -330.0000, 1870.0000, 0.0000,  0, 127, 0
L -360.0000, 1870.0000, 0.0000,  -360.0000, 1810.0000, 0.0000,  0, 127, 0
L -290.0000, 1810.0000, 0.0000,  -290.0000, 1870.0000, 0.0000,  0, 127, 0
L -310.0000, 1810.0000, 0.0000,  -270.0000, 1810.0000, 0.0000,  0, 127, 0
L -660.0000, 1900.0000, 0.0000,  -660.0000, 1960.0000, 0.0000,  0, 127, 127
L -680.0000, 1930.0000, 0.0000,  -660.0000, 1900.0000, 0.0000,  0, 127, 127
L -700.0000, 1900.0000, 0.0000,  -680.0000, 1930.0000, 0.0000,  0, 127, 127
L -700.0000, 1960.0000, 0.0000,  -700.0000, 1900.0000, 0.0000,  0, 127, 127
L -640.0000, 1900.0000, 0.0000,  -640.0000, 1960.0000, 0.0000,  0, 127, 127
L -620.0000, 1900.0000, 0.0000,  -620.0000, 1930.0000, 0.0000,  0, 127, 127
L -620.0000, 1960.0000, 0.0000,  -580.0000, 1960.0000, 0.0000,  0, 127, 127
L -580.0000, 1930.0000, 0.0000,  -620.0000, 1930.0000, 0.0000,  0, 127, 127
L -620.0000, 1900.0000, 0.0000,  -580.0000, 1900.0000, 0.0000,  0, 127, 127
L -580.0000, 1930.0000, 0.0000,  -580.0000, 1960.0000, 0.0000,  0, 127, 127
L -560.0000, 1900.0000, 0.0000,  -560.0000, 1930.0000, 0.0000,  0, 127, 127
L -560.0000, 1960.0000, 0.0000,  -520.0000, 1960.0000, 0.0000,  0, 127, 127
L -520.0000, 1930.0000, 0.0000,  -560.0000, 1930.0000, 0.0000,  0, 127, 127
L -560.0000, 1900.0000, 0.0000,  -520.0000, 1900.0000, 0.0000,  0, 127, 127
L -520.0000, 1930.0000, 0.0000,  -520.0000, 1960.0000, 0.0000,  0, 127, 127
L -500.0000, 1900.0000, 0.0000,  -500.0000, 1960.0000, 0.0000,  0, 127, 127
L -480.0000, 1900.0000, 0.0000,  -450.0000, 1900.0000, 0.0000,  0, 127, 127
L -480.0000, 1960.0000, 0.0000,  -450.0000, 1960.0000, 0.0000,  0, 127, 127
L -480.0000, 1900.0000, 0.0000,  -480.0000, 1960.0000, 0.0000,  0, 127, 127
L -450.0000, 1900.0000, 0.0000,  -450.0000, 1960.0000, 0.0000,  0, 127, 127
L -400.0000, 1960.0000, 0.0000,  -400.0000, 1900.0000, 0.0000,  0, 127, 127
L -430.0000, 1900.0000, 0.0000,  -400.0000, 1960.0000, 0.0000,  0, 127, 127
L -430.0000, 1960.0000, 0.0000,  -430.0000, 1900.0000, 0.0000,  0, 127, 127
L -670.0000, 2050.0000, 0.0000,  -670.0000, 1990.0000, 0.0000,  127, 64, 0
L -700.0000, 1990.0000, 0.0000,  -670.0000, 2050.0000, 0.0000,  127, 64, 0
L -700.0000, 2050.0000, 0.0000,  -700.0000, 1990.0000, 0.0000,  127, 64, 0
L -640.0000, 2020.0000, 0.0000,  -620.0000, 2020.0000, 0.0000,  127, 64, 0
L -630.0000, 1990.0000, 0.0000,  -610.0000, 2050.0000, 0.0000,  127, 64, 0
L -650.0000, 2050.0000, 0.0000,  -630.0000, 1990.0000, 0.0000,  127, 64, 0
L -550.0000, 1990.0000, 0.0000,  -550.0000, 2050.0000, 0.0000,  127, 64, 0
L -570.0000, 2020.0000, 0.0000,  -550.0000, 1990.0000, 0.0000,  127, 64, 0
L -590.0000, 1990.0000, 0.0000,  -570.0000, 2020.0000, 0.0000,  127, 64, 0
L -590.0000, 2050.0000, 0.0000,  -590.0000, 1990.0000, 0.0000,  127, 64, 0
L -530.0000, 2020.0000, 0.0000,  -500.0000, 2020.0000, 0.0000,  127, 64, 0
L -530.0000, 2050.0000, 0.0000,  -500.0000, 2050.0000, 0.0000,  127, 64, 0
L -530.0000, 1990.0000, 0.0000,  -530.0000, 2050.0000, 0.0000,  127, 64, 0
L -500.0000, 1990.0000, 0.0000,  -530.0000, 1990.0000, 0.0000,  127, 64, 0
L -470.0000, 2050.0000, 0.0000,  -470.0000, 1990.0000, 0.0000,  127, 64, 0
L -460.0000, 2050.0000, 0.0000,  -480.0000, 2050.0000, 0.0000,  127, 64, 0
L -450.0000, 2020.0000, 0.0000,  -460.0000, 2050.0000, 0.0000,  127, 64, 0
L -460.0000, 1990.0000, 0.0000,  -450.0000, 2020.0000, 0.0000,  127, 64, 0
L -480.0000, 1990.0000, 0.0000,  -460.0000, 1990.0000, 0.0000,  127, 64, 0
L -670.0000, 2110.0000, 0.0000,  -700.0000, 2110.0000, 0.0000,  0, 255, 0
L -670.0000, 2080.0000, 0.0000,  -670.0000, 2110.0000, 0.0000,  0, 255, 0
L -700.0000, 2080.0000, 0.0000,  -670.0000, 2080.0000, 0.0000,  0, 255, 0
L -700.0000, 2140.0000, 0.0000,  -700.0000, 2080.0000, 0.0000,  0, 255, 0
L -640.0000, 2110.0000, 0.0000,  -620.0000, 2110.0000, 0.0000,  0, 255, 0
L -630.0000, 2080.0000, 0.0000,  -610.0000, 2140.0000, 0.0000,  0, 255, 0
L -650.0000, 2140.0000, 0.0000,  -630.0000, 2080.0000, 0.0000,  0, 255, 0
L -590.0000, 2080.0000, 0.0000,  -590.0000, 2110.0000, 0.0000,  0, 255, 0
L -590.0000, 2110.0000, 0.0000,  -590.0000, 2140.0000, 0.0000,  0, 255, 0
L -590.0000, 2110.0000, 0.0000,  -570.0000, 2110.0000, 0.0000,  0, 255, 0
L -550.0000, 2110.0000, 0.0000,  -550.0000, 2080.0000, 0.0000,  0, 255, 0
L -590.0000, 2080.0000, 0.0000,  -550.0000, 2080.0000, 0.0000,  0, 255, 0
L -570.0000, 2110.0000, 0.0000,  -550.0000, 2110.0000, 0.0000,  0, 255, 0
L -550.0000, 2140.0000, 0.0000,  -570.0000, 2110.0000, 0.0000,  0, 255, 0
L -500.0000, 2140.0000, 0.0000,  -530.0000, 2140.0000, 0.0000,  0, 255, 0
L -530.0000, 2080.0000, 0.0000,  -500.0000, 2080.0000, 0.0000,  0, 255, 0
L -530.0000, 2140.0000, 0.0000,  -530.0000, 2080.0000, 0.0000,  0, 255, 0
L -480.0000, 2110.0000, 0.0000,  -450.0000, 2110.0000, 0.0000,  0, 255, 0
L -480.0000, 2140.0000, 0.0000,  -450.0000, 2140.0000, 0.0000,  0, 255, 0
L -480.0000, 2080.0000, 0.0000,  -480.0000, 2140.0000, 0.0000,  0, 255, 0
L -450.0000, 2080.0000, 0.0000,  -480.0000, 2080.0000, 0.0000,  0, 255, 0
L -430.0000, 2080.0000, 0.0000,  -430.0000, 2140.0000, 0.0000,  0, 255, 0
L -390.0000, 2140.0000, 0.0000,  -430.0000, 2140.0000, 0.0000,  0, 255, 0
L -370.0000, 2080.0000, 0.0000,  -370.0000, 2110.0000, 0.0000,  0, 255, 0
L -370.0000, 2140.0000, 0.0000,  -330.0000, 2140.0000, 0.0000,  0, 255, 0
L -330.0000, 2110.0000, 0.0000,  -370.0000, 2110.0000, 0.0000,  0, 255, 0
L -370.0000, 2080.0000, 0.0000,  -330.0000, 2080.0000, 0.0000,  0, 255, 0
L -330.0000, 2110.0000, 0.0000,  -330.0000, 2140.0000, 0.0000,  0, 255, 0
L -700.0000, 2170.0000, 0.0000,  -700.0000, 2200.0000, 0.0000,  0, 240, 240
L -700.0000, 2200.0000, 0.0000,  -700.0000, 2230.0000, 0.0000,  0, 240, 240
L -700.0000, 2200.0000, 0.0000,  -680.0000, 2200.0000, 0.0000,  0, 240, 240
L -660.0000, 2200.0000, 0.0000,  -660.0000, 2170.0000, 0.0000,  0, 240, 240
L -700.0000, 2170.0000, 0.0000,  -660.0000, 2170.0000, 0.0000,  0, 240, 240
L -680.0000, 2200.0000, 0.0000,  -660.0000, 2200.0000, 0.0000,  0, 240, 240
L -660.0000, 2230.0000, 0.0000,  -680.0000, 2200.0000, 0.0000,  0, 240, 240
L -630.0000, 2200.0000, 0.0000,  -610.0000, 2200.0000, 0.0000,  0, 240, 240
L -620.0000, 2170.0000, 0.0000,  -600.0000, 2230.0000, 0.0000,  0, 240, 240
L -640.0000, 2230.0000, 0.0000,  -620.0000, 2170.0000, 0.0000,  0, 240, 240
L -580.0000, 2170.0000, 0.0000,  -580.0000, 2230.0000, 0.0000,  0, 240, 240
L -550.0000, 2230.0000, 0.0000,  -550.0000, 2170.0000, 0.0000,  0, 240, 240
L -540.0000, 2230.0000, 0.0000,  -560.0000, 2230.0000, 0.0000,  0, 240, 240
L -530.0000, 2200.0000, 0.0000,  -540.0000, 2230.0000, 0.0000,  0, 240, 240
L -540.0000, 2170.0000, 0.0000,  -530.0000, 2200.0000, 0.0000,  0, 240, 240
L -560.0000, 2170.0000, 0.0000,  -540.0000, 2170.0000, 0.0000,  0, 240, 240
L -700.0000, 2260.0000, 0.0000,  -700.0000, 2290.0000, 0.0000,  0, 255, 0
L -700.0000, 2320.0000, 0.0000,  -660.0000, 2320.0000, 0.0000,  0, 255, 0
L -660.0000, 2290.0000, 0.0000,  -700.0000, 2290.0000, 0.0000,  0, 255, 0
L -700.0000, 2260.0000, 0.0000,  -660.0000, 2260.0000, 0.0000,  0, 255, 0
L -660.0000, 2290.0000, 0.0000,  -660.0000, 2320.0000, 0.0000,  0, 255, 0
L -610.0000, 2290.0000, 0.0000,  -640.0000, 2290.0000, 0.0000,  0, 255, 0
L -610.0000, 2260.0000, 0.0000,  -610.0000, 2290.0000, 0.0000,  0, 255, 0
L -640.0000, 2260.0000, 0.0000,  -610.0000, 2260.0000, 0.0000,  0, 255, 0
L -640.0000, 2320.0000, 0.0000,  -640.0000, 2260.0000, 0.0000,  0, 255, 0
L -590.0000, 2290.0000, 0.0000,  -560.0000, 2290.0000, 0.0000,  0, 255, 0
L -590.0000, 2320.0000, 0.0000,  -560.0000, 2320.0000, 0.0000,  0, 255, 0
L -590.0000, 2260.0000, 0.0000,  -590.0000, 2320.0000, 0.0000,  0, 255, 0
L -560.0000, 2260.0000, 0.0000,  -590.0000, 2260.0000, 0.0000,  0, 255, 0
L -510.0000, 2320.0000, 0.0000,  -540.0000, 2320.0000, 0.0000,  0, 255, 0
L -540.0000, 2260.0000, 0.0000,  -510.0000, 2260.0000, 0.0000,  0, 255, 0
L -540.0000, 2320.0000, 0.0000,  -540.0000, 2260.0000, 0.0000,  0, 255, 0
L -490.0000, 2260.0000, 0.0000,  -490.0000, 2320.0000, 0.0000,  0, 255, 0
L -460.0000, 2290.0000, 0.0000,  -440.0000, 2290.0000, 0.0000,  0, 255, 0
L -450.0000, 2260.0000, 0.0000,  -430.0000, 2320.0000, 0.0000,  0, 255, 0
L -470.0000, 2320.0000, 0.0000,  -450.0000, 2260.0000, 0.0000,  0, 255, 0
L -410.0000, 2260.0000, 0.0000,  -410.0000, 2320.0000, 0.0000,  0, 255, 0
L -370.0000, 2320.0000, 0.0000,  -410.0000, 2320.0000, 0.0000,  0, 255, 0
L -260.0000, 2320.0000, 0.0000,  -290.0000, 2320.0000, 0.0000,  0, 255, 0
L -290.0000, 2260.0000, 0.0000,  -260.0000, 2260.0000, 0.0000,  0, 255, 0
L -290.0000, 2320.0000, 0.0000,  -290.0000, 2260.0000, 0.0000,  0, 255, 0
L -200.0000, 2260.0000, 0.0000,  -200.0000, 2320.0000, 0.0000,  0, 255, 0
L -240.0000, 2260.0000, 0.0000,  -240.0000, 2320.0000, 0.0000,  0, 255, 0
L -240.0000, 2320.0000, 0.0000,  -200.0000, 2320.0000, 0.0000,  0, 255, 0
L -180.0000, 2260.0000, 0.0000,  -180.0000, 2290.0000, 0.0000,  0, 255, 0
L -180.0000, 2290.0000, 0.0000,  -180.0000, 2320.0000, 0.0000,  0, 255, 0
L -180.0000, 2290.0000, 0.0000,  -160.0000, 2290.0000, 0.0000,  0, 255, 0
L -140.0000, 2290.0000, 0.0000,  -140.0000, 2260.0000, 0.0000,  0, 255, 0
L -180.0000, 2260.0000, 0.0000,  -140.0000, 2260.0000, 0.0000,  0, 255, 0
L -160.0000, 2290.0000, 0.0000,  -140.0000, 2290.0000, 0.0000,  0, 255, 0
L -140.0000, 2320.0000, 0.0000,  -160.0000, 2290.0000, 0.0000,  0, 255, 0
L -120.0000, 2260.0000, 0.0000,  -120.0000, 2290.0000, 0.0000,  0, 255, 0
L -120.0000, 2290.0000, 0.0000,  -120.0000, 2320.0000, 0.0000,  0, 255, 0
L -120.0000, 2290.0000, 0.0000,  -100.0000, 2290.0000, 0.0000,  0, 255, 0
L -80.0000, 2290.0000, 0.0000,  -80.0000, 2260.0000, 0.0000,  0, 255, 0
L -120.0000, 2260.0000, 0.0000,  -80.0000, 2260.0000, 0.0000,  0, 255, 0
L -100.0000, 2290.0000, 0.0000,  -80.0000, 2290.0000, 0.0000,  0, 255, 0
L -80.0000, 2320.0000, 0.0000,  -100.0000, 2290.0000, 0.0000,  0, 255, 0
L -60.0000, 2290.0000, 0.0000,  -30.0000, 2290.0000, 0.0000,  0, 255, 0
L -60.0000, 2320.0000, 0.0000,  -30.0000, 2320.0000, 0.0000,  0, 255, 0
L -60.0000, 2260.0000, 0.0000,  -60.0000, 2320.0000, 0.0000,  0, 255, 0
L -30.0000, 2260.0000, 0.0000,  -60.0000, 2260.0000, 0.0000,  0, 255, 0
L 20.0000, 2320.0000, 0.0000,  20.0000, 2260.0000, 0.0000,  0, 255, 0
L -10.0000, 2260.0000, 0.0000,  20.0000, 2320.0000, 0.0000,  0, 255, 0
L -10.0000, 2320.0000, 0.0000,  -10.0000, 2260.0000, 0.0000,  0, 255, 0
L 70.0000, 2320.0000, 0.0000,  40.0000, 2320.0000, 0.0000,  0, 255, 0
L 40.0000, 2260.0000, 0.0000,  70.0000, 2260.0000, 0.0000,  0, 255, 0
L 40.0000, 2320.0000, 0.0000,  40.0000, 2260.0000, 0.0000,  0, 255, 0
L 110.0000, 2290.0000, 0.0000,  110.0000, 2320.0000, 0.0000,  0, 255, 0
L 110.0000, 2290.0000, 0.0000,  130.0000, 2260.0000, 0.0000,  0, 255, 0
L 90.0000, 2260.0000, 0.0000,  110.0000, 2290.0000, 0.0000,  0, 255, 0
L -700.0000, 2350.0000, 0.0000,  -700.0000, 2380.0000, 0.0000,  255, 0, 0
L -700.0000, 2410.0000, 0.0000,  -660.0000, 2410.0000, 0.0000,  255, 0, 0
L -660.0000, 2380.0000, 0.0000,  -700.0000, 2380.0000, 0.0000,  255, 0, 0
L -700.0000, 2350.0000, 0.0000,  -660.0000, 2350.0000, 0.0000,  255, 0, 0
L -660.0000, 2380.0000, 0.0000,  -660.0000, 2410.0000, 0.0000,  255, 0, 0
L -600.0000, 2350.0000, 0.0000,  -600.0000, 2410.0000, 0.0000,  255, 0, 0
L -640.0000, 2350.0000, 0.0000,  -640.0000, 2410.0000, 0.0000,  255, 0, 0
L -640.0000, 2410.0000, 0.0000,  -600.0000, 2410.0000, 0.0000,  255, 0, 0
L -550.0000, 2410.0000, 0.0000,  -580.0000, 2410.0000, 0.0000,  255, 0, 0
L -580.0000, 2350.0000, 0.0000,  -550.0000, 2350.0000, 0.0000,  255, 0, 0
L -580.0000, 2410.0000, 0.0000,  -580.0000, 2350.0000, 0.0000,  255, 0, 0
L -500.0000, 2410.0000, 0.0000,  -530.0000, 2410.0000, 0.0000,  255, 0, 0
L -530.0000, 2350.0000, 0.0000,  -500.0000, 2350.0000, 0.0000,  255, 0, 0
L -530.0000, 2410.0000, 0.0000,  -530.0000, 2350.0000, 0.0000,  255, 0, 0
L -480.0000, 2350.0000, 0.0000,  -450.0000, 2350.0000, 0.0000,  255, 0, 0
L -480.0000, 2410.0000, 0.0000,  -450.0000, 2410.0000, 0.0000,  255, 0, 0
L -480.0000, 2350.0000, 0.0000,  -480.0000, 2410.0000, 0.0000,  255, 0, 0
L -450.0000, 2350.0000, 0.0000,  -450.0000, 2410.0000, 0.0000,  255, 0, 0
L -430.0000, 2350.0000, 0.0000,  -430.0000, 2380.0000, 0.0000,  255, 0, 0
L -430.0000, 2380.0000, 0.0000,  -430.0000, 2410.0000, 0.0000,  255, 0, 0
L -430.0000, 2380.0000, 0.0000,  -410.0000, 2380.0000, 0.0000,  255, 0, 0
L -390.0000, 2380.0000, 0.0000,  -390.0000, 2350.0000, 0.0000,  255, 0, 0
L -430.0000, 2350.0000, 0.0000,  -390.0000, 2350.0000, 0.0000,  255, 0, 0
L -410.0000, 2380.0000, 0.0000,  -390.0000, 2380.0000, 0.0000,  255, 0, 0
L -390.0000, 2410.0000, 0.0000,  -410.0000, 2380.0000, 0.0000,  255, 0, 0
L -680.0000, 2440.0000, 0.0000,  -680.0000, 2500.0000, 0.0000,  255, 255, 0
L -700.0000, 2440.0000, 0.0000,  -660.0000, 2440.0000, 0.0000,  255, 255, 0
L -640.0000, 2470.0000, 0.0000,  -610.0000, 2470.0000, 0.0000,  255, 255, 0
L -640.0000, 2500.0000, 0.0000,  -610.0000, 2500.0000, 0.0000,  255, 255, 0
L -640.0000, 2440.0000, 0.0000,  -640.0000, 2500.0000, 0.0000,  255, 255, 0
L -610.0000, 2440.0000, 0.0000,  -640.0000, 2440.0000, 0.0000,  255, 255, 0
L -590.0000, 2440.0000, 0.0000,  -590.0000, 2500.0000, 0.0000,  255, 255, 0
L -550.0000, 2500.0000, 0.0000,  -590.0000, 2500.0000, 0.0000,  255, 255, 0
L -530.0000, 2470.0000, 0.0000,  -500.0000, 2470.0000, 0.0000,  255, 255, 0
L -530.0000, 2500.0000, 0.0000,  -500.0000, 2500.0000, 0.0000,  255, 255, 0
L -530.0000, 2440.0000, 0.0000,  -530.0000, 2500.0000, 0.0000,  255, 255, 0
L -500.0000, 2440.0000, 0.0000,  -530.0000, 2440.0000, 0.0000,  255, 255, 0
L -450.0000, 2470.0000, 0.0000,  -480.0000, 2470.0000, 0.0000,  255, 255, 0
L -450.0000, 2440.0000, 0.0000,  -450.0000, 2470.0000, 0.0000,  255, 255, 0
L -480.0000, 2440.0000, 0.0000,  -450.0000, 2440.0000, 0.0000,  255, 255, 0
L -480.0000, 2500.0000, 0.0000,  -480.0000, 2440.0000, 0.0000,  255, 255, 0
L -430.0000, 2440.0000, 0.0000,  -400.0000, 2440.0000, 0.0000,  255, 255, 0
L -430.0000, 2500.0000, 0.0000,  -400.0000, 2500.0000, 0.0000,  255, 255, 0
L -430.0000, 2440.0000, 0.0000,  -430.0000, 2500.0000, 0.0000,  255, 255, 0
L -400.0000, 2440.0000, 0.0000,  -400.0000, 2500.0000, 0.0000,  255, 255, 0
L -380.0000, 2440.0000, 0.0000,  -380.0000, 2470.0000, 0.0000,  255, 255, 0
L -380.0000, 2470.0000, 0.0000,  -380.0000, 2500.0000, 0.0000,  255, 255, 0
L -380.0000, 2470.0000, 0.0000,  -360.0000, 2470.0000, 0.0000,  255, 255, 0
L -340.0000, 2470.0000, 0.0000,  -340.0000, 2440.0000, 0.0000,  255, 255, 0
L -380.0000, 2440.0000, 0.0000,  -340.0000, 2440.0000, 0.0000,  255, 255, 0
L -360.0000, 2470.0000, 0.0000,  -340.0000, 2470.0000, 0.0000,  255, 255, 0
L -340.0000, 2500.0000, 0.0000,  -360.0000, 2470.0000, 0.0000,  255, 255, 0
L -300.0000, 2440.0000, 0.0000,  -300.0000, 2500.0000, 0.0000,  255, 255, 0
L -320.0000, 2440.0000, 0.0000,  -280.0000, 2440.0000, 0.0000,  255, 255, 0
L -680.0000, 2530.0000, 0.0000,  -680.0000, 2590.0000, 0.0000,  128, 0, 128
L -700.0000, 2530.0000, 0.0000,  -660.0000, 2530.0000, 0.0000,  128, 0, 128
L -640.0000, 2530.0000, 0.0000,  -640.0000, 2560.0000, 0.0000,  128, 0, 128
L -640.0000, 2560.0000, 0.0000,  -640.0000, 2590.0000, 0.0000,  128, 0, 128
L -640.0000, 2560.0000, 0.0000,  -620.0000, 2560.0000, 0.0000,  128, 0, 128
L -600.0000, 2560.0000, 0.0000,  -600.0000, 2530.0000, 0.0000,  128, 0, 128
L -640.0000, 2530.0000, 0.0000,  -600.0000, 2530.0000, 0.0000,  128, 0, 128
L -620.0000, 2560.0000, 0.0000,  -600.0000, 2560.0000, 0.0000,  128, 0, 128
L -600.0000, 2590.0000, 0.0000,  -620.0000, 2560.0000, 0.0000,  128, 0, 128
L -570.0000, 2560.0000, 0.0000,  -550.0000, 2560.0000, 0.0000,  128, 0, 128
L -560.0000, 2530.0000, 0.0000,  -540.0000, 2590.0000, 0.0000,  128, 0, 128
L -580.0000, 2590.0000, 0.0000,  -560.0000, 2530.0000, 0.0000,  128, 0, 128
L -510.0000, 2590.0000, 0.0000,  -510.0000, 2530.0000, 0.0000,  128, 0, 128
L -500.0000, 2590.0000, 0.0000,  -520.0000, 2590.0000, 0.0000,  128, 0, 128
L -490.0000, 2560.0000, 0.0000,  -500.0000, 2590.0000, 0.0000,  128, 0, 128
L -500.0000, 2530.0000, 0.0000,  -490.0000, 2560.0000, 0.0000,  128, 0, 128
L -520.0000, 2530.0000, 0.0000,  -500.0000, 2530.0000, 0.0000,  128, 0, 128
L -470.0000, 2560.0000, 0.0000,  -440.0000, 2560.0000, 0.0000,  128, 0, 128
L -470.0000, 2590.0000, 0.0000,  -440.0000, 2590.0000, 0.0000,  128, 0, 128
L -470.0000, 2530.0000, 0.0000,  -470.0000, 2590.0000, 0.0000,  128, 0, 128
L -440.0000, 2530.0000, 0.0000,  -470.0000, 2530.0000, 0.0000,  128, 0, 128
L -420.0000, 2530.0000, 0.0000,  -420.0000, 2560.0000, 0.0000,  128, 0, 128
L -420.0000, 2590.0000, 0.0000,  -380.0000, 2590.0000, 0.0000,  128, 0, 128
L -380.0000, 2560.0000, 0.0000,  -420.0000, 2560.0000, 0.0000,  128, 0, 128
L -420.0000, 2530.0000, 0.0000,  -380.0000, 2530.0000, 0.0000,  128, 0, 128
L -380.0000, 2560.0000, 0.0000,  -380.0000, 2590.0000, 0.0000,  128, 0, 128
L -360.0000, 2530.0000, 0.0000,  -360.0000, 2560.0000, 0.0000,  128, 0, 128
L -360.0000, 2560.0000, 0.0000,  -360.0000, 2590.0000, 0.0000,  128, 0, 128
L -360.0000, 2560.0000, 0.0000,  -320.0000, 2590.0000, 0.0000,  128, 0, 128
L -360.0000, 2560.0000, 0.0000,  -320.0000, 2530.0000, 0.0000,  128, 0, 128
L -300.0000, 2530.0000, 0.0000,  -300.0000, 2590.0000, 0.0000,  128, 0, 128
L -280.0000, 2530.0000, 0.0000,  -280.0000, 2590.0000, 0.0000,  128, 0, 128
L -240.0000, 2590.0000, 0.0000,  -280.0000, 2590.0000, 0.0000,  128, 0, 128
L -220.0000, 2530.0000, 0.0000,  -220.0000, 2590.0000, 0.0000,  128, 0, 128
L -180.0000, 2590.0000, 0.0000,  -220.0000, 2590.0000, 0.0000,  128, 0, 128
L -70.0000, 2590.0000, 0.0000,  -100.0000, 2590.0000, 0.0000,  128, 0, 128
L -100.0000, 2530.0000, 0.0000,  -70.0000, 2530.0000, 0.0000,  128, 0, 128
L -100.0000, 2590.0000, 0.0000,  -100.0000, 2530.0000, 0.0000,  128, 0, 128
L -50.0000, 2530.0000, 0.0000,  -20.0000, 2530.0000, 0.0000,  128, 0, 128
L -50.0000, 2590.0000, 0.0000,  -20.0000, 2590.0000, 0.0000,  128, 0, 128
L -50.0000, 2530.0000, 0.0000,  -50.0000, 2590.0000, 0.0000,  128, 0, 128
L -20.0000, 2530.0000, 0.0000,  -20.0000, 2590.0000, 0.0000,  128, 0, 128
L 30.0000, 2590.0000, 0.0000,  30.0000, 2530.0000, 0.0000,  128, 0, 128
L 0.0000, 2530.0000, 0.0000,  30.0000, 2590.0000, 0.0000,  128, 0, 128
L 0.0000, 2590.0000, 0.0000,  0.0000, 2530.0000, 0.0000,  128, 0, 128
L 70.0000, 2530.0000, 0.0000,  70.0000, 2590.0000, 0.0000,  128, 0, 128
L 50.0000, 2530.0000, 0.0000,  90.0000, 2530.0000, 0.0000,  128, 0, 128
L 120.0000, 2560.0000, 0.0000,  140.0000, 2560.0000, 0.0000,  128, 0, 128
L 130.0000, 2530.0000, 0.0000,  150.0000, 2590.0000, 0.0000,  128, 0, 128
L 110.0000, 2590.0000, 0.0000,  130.0000, 2530.0000, 0.0000,  128, 0, 128
L 170.0000, 2530.0000, 0.0000,  170.0000, 2590.0000, 0.0000,  128, 0, 128
L 220.0000, 2590.0000, 0.0000,  220.0000, 2530.0000, 0.0000,  128, 0, 128
L 190.0000, 2530.0000, 0.0000,  220.0000, 2590.0000, 0.0000,  128, 0, 128
L 190.0000, 2590.0000, 0.0000,  190.0000, 2530.0000, 0.0000,  128, 0, 128
L 240.0000, 2560.0000, 0.0000,  270.0000, 2560.0000, 0.0000,  128, 0, 128
L 240.0000, 2590.0000, 0.0000,  270.0000, 2590.0000, 0.0000,  128, 0, 128
L 240.0000, 2530.0000, 0.0000,  240.0000, 2590.0000, 0.0000,  128, 0, 128
L 270.0000, 2530.0000, 0.0000,  240.0000, 2530.0000, 0.0000,  128, 0, 128
L 290.0000, 2530.0000, 0.0000,  290.0000, 2560.0000, 0.0000,  128, 0, 128
L 290.0000, 2560.0000, 0.0000,  290.0000, 2590.0000, 0.0000,  128, 0, 128
L 290.0000, 2560.0000, 0.0000,  310.0000, 2560.0000, 0.0000,  128, 0, 128
L 330.0000, 2560.0000, 0.0000,  330.0000, 2530.0000, 0.0000,  128, 0, 128
L 290.0000, 2530.0000, 0.0000,  330.0000, 2530.0000, 0.0000,  128, 0, 128
L 310.0000, 2560.0000, 0.0000,  330.0000, 2560.0000, 0.0000,  128, 0, 128
L 330.0000, 2590.0000, 0.0000,  310.0000, 2560.0000, 0.0000,  128, 0, 128
L -680.0000, 2620.0000, 0.0000,  -680.0000, 2680.0000, 0.0000,  255, 255, 0
L -700.0000, 2620.0000, 0.0000,  -660.0000, 2620.0000, 0.0000,  255, 255, 0
L -640.0000, 2620.0000, 0.0000,  -640.0000, 2650.0000, 0.0000,  255, 255, 0
L -640.0000, 2650.0000, 0.0000,  -640.0000, 2680.0000, 0.0000,  255, 255, 0
L -640.0000, 2650.0000, 0.0000,  -620.0000, 2650.0000, 0.0000,  255, 255, 0
L -600.0000, 2650.0000, 0.0000,  -600.0000, 2620.0000, 0.0000,  255, 255, 0
L -640.0000, 2620.0000, 0.0000,  -600.0000, 2620.0000, 0.0000,  255, 255, 0
L -620.0000, 2650.0000, 0.0000,  -600.0000, 2650.0000, 0.0000,  255, 255, 0
L -600.0000, 2680.0000, 0.0000,  -620.0000, 2650.0000, 0.0000,  255, 255, 0
L -570.0000, 2650.0000, 0.0000,  -550.0000, 2650.0000, 0.0000,  255, 255, 0
L -560.0000, 2620.0000, 0.0000,  -540.0000, 2680.0000, 0.0000,  255, 255, 0
L -580.0000, 2680.0000, 0.0000,  -560.0000, 2620.0000, 0.0000,  255, 255, 0
L -490.0000, 2650.0000, 0.0000,  -520.0000, 2650.0000, 0.0000,  255, 255, 0
L -490.0000, 2620.0000, 0.0000,  -490.0000, 2650.0000, 0.0000,  255, 255, 0
L -520.0000, 2620.0000, 0.0000,  -490.0000, 2620.0000, 0.0000,  255, 255, 0
L -520.0000, 2680.0000, 0.0000,  -520.0000, 2620.0000, 0.0000,  255, 255, 0
L -670.0000, 2710.0000, 0.0000,  -700.0000, 2710.0000, 0.0000,  255, 0, 0
L -700.0000, 2770.0000, 0.0000,  -670.0000, 2710.0000, 0.0000,  255, 0, 0
L -700.0000, 2770.0000, 0.0000,  -670.0000, 2770.0000, 0.0000,  255, 0, 0
L -650.0000, 2710.0000, 0.0000,  -620.0000, 2710.0000, 0.0000,  255, 0, 0
L -650.0000, 2770.0000, 0.0000,  -620.0000, 2770.0000, 0.0000,  255, 0, 0
L -650.0000, 2710.0000, 0.0000,  -650.0000, 2770.0000, 0.0000,  255, 0, 0
L -620.0000, 2710.0000, 0.0000,  -620.0000, 2770.0000, 0.0000,  255, 0, 0
L -570.0000, 2770.0000, 0.0000,  -570.0000, 2710.0000, 0.0000,  255, 0, 0
L -600.0000, 2710.0000, 0.0000,  -570.0000, 2770.0000, 0.0000,  255, 0, 0
L -600.0000, 2770.0000, 0.0000,  -600.0000, 2710.0000, 0.0000,  255, 0, 0
L -550.0000, 2740.0000, 0.0000,  -520.0000, 2740.0000, 0.0000,  255, 0, 0
L -550.0000, 2770.0000, 0.0000,  -520.0000, 2770.0000, 0.0000,  255, 0, 0
L -550.0000, 2710.0000, 0.0000,  -550.0000, 2770.0000, 0.0000,  255, 0, 0
L -520.0000, 2710.0000, 0.0000,  -550.0000, 2710.0000, 0.0000,  255, 0, 0
P -1700.0000, 900.0000, 0.0000,  0, 0, 0,  2,  Original_Map:_Brewall_Rainsiger_(Cazic-Thule)
P -1700.0000, 1100.0000, 0.0000,  0, 0, 0,  2,  http://www.eqmaps.info
P -1700.0000, 1300.0000, 0.0000,  0, 0, 0,  2,  Return_of_the_Exiled_(www.roteguild.org)
P -1700.0000, 1500.0000, 0.0000,  240, 127, 0,  2,  Grieg_Veneficus
P -1700.0000, 1700.0000, 0.0000,  240, 127, 0,  2,  Praetorian_Myral
P -1700.0000, 1900.0000, 0.0000,  240, 127, 0,  2,  Servitor_of_Luclin
P -1700.0000, 2100.0000, 0.0000,  127, 64, 0,  2,  Amnarra_Nogzabin
P -1700.0000, 2300.0000, 0.0000,  127, 64, 0,  2,  Bronus
P -1700.0000, 2500.0000, 0.0000,  127, 64, 0,  2,  Deoreo_Bexuarrana
P -1700.0000, 2700.0000, 0.0000,  127, 64, 0,  2,  Hyraja_Mazarduruk
P -1700.0000, 2900.0000, 0.0000,  127, 64, 0,  2,  Kallian_Agarnuzum
P -1700.0000, 3100.0000, 0.0000,  127, 64, 0,  2,  Khemot_Agarthizar
