L 1000.0, 0.0, 0.0, 1000.0, -50.0, 0.0, 255, 0, 0
L -20.0, 50.0, 0.0, -50.0, 20.0, 0.0, 255, 0, 0
L 50.0, 20.0, 0.0, 20.0, 50.0, 0.0, 255, 0, 0
L 20.0, -50.0, 0.0, 50.0, -20.0, 0.0, 255, 0, 0
L -50.0, -20.0, 0.0, -20.0, -50.0, 0.0, 255, 0, 0
L -50.0, 20.0, 0.0, -50.0, -20.0, 0.0, 255, 0, 0
L 20.0, 50.0, 0.0, -20.0, 50.0, 0.0, 255, 0, 0
L 50.0, -20.0, 0.0, 50.0, 20.0, 0.0, 255, 0, 0
L -20.0, -50.0, 0.0, 20.0, -50.0, 0.0, 255, 0, 0
L 580.0, -20.0, 0.0, 540.0, -20.0, 0.0, 255, 0, 0
L 580.0, -90.0, 0.0, 580.0, -20.0, 0.0, 255, 0, 0
L 540.0, -90.0, 0.0, 580.0, -90.0, 0.0, 255, 0, 0
L 540.0, -20.0, 0.0, 540.0, -90.0, 0.0, 255, 0, 0
L 520.0, -20.0, 0.0, 480.0, -20.0, 0.0, 255, 0, 0
L 520.0, -90.0, 0.0, 520.0, -20.0, 0.0, 255, 0, 0
L 480.0, -90.0, 0.0, 520.0, -90.0, 0.0, 255, 0, 0
L 480.0, -20.0, 0.0, 480.0, -90.0, 0.0, 255, 0, 0
L 460.0, -90.0, 0.0, 450.0, -80.0, 0.0, 255, 0, 0
L 460.0, -20.0, 0.0, 460.0, -90.0, 0.0, 255, 0, 0
L 0.0, -250.0, 0.0, 0.0, 250.0, 0.0, 255, 0, 0
L -250.0, 0.0, 0.0, 1000.0, 0.0, 0.0, 255, 0, 0
L -120.0, -80.0, 0.0, -120.0, -60.0, 0.0, 255, 0, 0
L -120.0, -60.0, 0.0, -120.0, -40.0, 0.0, 255, 0, 0
L -100.0, -60.0, 0.0, -120.0, -60.0, 0.0, 255, 0, 0
L -120.0, -60.0, 0.0, -140.0, -60.0, 0.0, 255, 0, 0
L -90.0, -50.0, 0.0, -100.0, -30.0, 0.0, 255, 0, 0
L -60.0, -80.0, 0.0, -60.0, -60.0, 0.0, 255, 0, 0
L -60.0, -60.0, 0.0, -60.0, -40.0, 0.0, 255, 0, 0
L -40.0, -60.0, 0.0, -60.0, -60.0, 0.0, 255, 0, 0
L -60.0, -60.0, 0.0, -80.0, -60.0, 0.0, 255, 0, 0
L 100.0, 60.0, 0.0, 120.0, 60.0, 0.0, 255, 0, 0
L 120.0, 60.0, 0.0, 140.0, 60.0, 0.0, 255, 0, 0
L 90.0, 70.0, 0.0, 80.0, 90.0, 0.0, 255, 0, 0
L 40.0, 60.0, 0.0, 60.0, 60.0, 0.0, 255, 0, 0
L 60.0, 60.0, 0.0, 80.0, 60.0, 0.0, 255, 0, 0
L -100.0, 60.0, 0.0, -120.0, 60.0, 0.0, 255, 0, 0
L -120.0, 60.0, 0.0, -140.0, 60.0, 0.0, 255, 0, 0
L -90.0, 70.0, 0.0, -100.0, 90.0, 0.0, 255, 0, 0
L -60.0, 80.0, 0.0, -60.0, 60.0, 0.0, 255, 0, 0
L -60.0, 60.0, 0.0, -60.0, 40.0, 0.0, 255, 0, 0
L -40.0, 60.0, 0.0, -60.0, 60.0, 0.0, 255, 0, 0
L -60.0, 60.0, 0.0, -80.0, 60.0, 0.0, 255, 0, 0
L 100.0, -60.0, 0.0, 120.0, -60.0, 0.0, 255, 0, 0
L 120.0, -60.0, 0.0, 140.0, -60.0, 0.0, 255, 0, 0
L 90.0, -50.0, 0.0, 80.0, -30.0, 0.0, 255, 0, 0
L 60.0, -80.0, 0.0, 60.0, -60.0, 0.0, 255, 0, 0
L 60.0, -60.0, 0.0, 60.0, -40.0, 0.0, 255, 0, 0
L 40.0, -60.0, 0.0, 60.0, -60.0, 0.0, 255, 0, 0
L 60.0, -60.0, 0.0, 80.0, -60.0, 0.0, 255, 0, 0
L 599.0, -90.0, 0.0, 637.3, -90.0, 0.0, 255, 0, 0
L 599.0, -20.0, 0.0, 637.3, -20.0, 0.0, 255, 0, 0
L 599.0, -90.0, 0.0, 599.0, -20.0, 0.0, 255, 0, 0
L 637.3, -90.0, 0.0, 637.3, -20.0, 0.0, 255, 0, 0
L -3300, 3300, 0, -3300, 3360, 0, 0, 0, 0
L -3260, 3360, 0, -3300, 3360, 0, 0, 0, 0
L -3240, 3330, 0, -3210, 3330, 0, 0, 0, 0
L -3240, 3360, 0, -3210, 3360, 0, 0, 0, 0
L -3240, 3300, 0, -3240, 3360, 0, 0, 0, 0
L -3210, 3300, 0, -3240, 3300, 0, 0, 0, 0
L -3160, 3360, 0, -3190, 3360, 0, 0, 0, 0
L -3190, 3300, 0, -3160, 3300, 0, 0, 0, 0
L -3190, 3360, 0, -3190, 3300, 0, 0, 0, 0
L -3160, 3360, 0, -3160, 3330, 0, 0, 0, 0
L -3160, 3330, 0, -3180, 3330, 0, 0, 0, 0
L -3140, 3330, 0, -3110, 3330, 0, 0, 0, 0
L -3140, 3360, 0, -3110, 3360, 0, 0, 0, 0
L -3140, 3300, 0, -3140, 3360, 0, 0, 0, 0
L -3110, 3300, 0, -3140, 3300, 0, 0, 0, 0
L -3060, 3360, 0, -3060, 3300, 0, 0, 0, 0
L -3090, 3300, 0, -3060, 3360, 0, 0, 0, 0
L -3090, 3360, 0, -3090, 3300, 0, 0, 0, 0
L -3030, 3360, 0, -3030, 3300, 0, 0, 0, 0
L -3020, 3360, 0, -3040, 3360, 0, 0, 0, 0
L -3010, 3330, 0, -3020, 3360, 0, 0, 0, 0
L -3020, 3300, 0, -3010, 3330, 0, 0, 0, 0
L -3040, 3300, 0, -3020, 3300, 0, 0, 0, 0
L -3300, 3430, 0, -3300, 3460, 0, 255, 210, 0
L -3300, 3430, 0, -3280, 3430, 0, 255, 210, 0
L -3280, 3490, 0, -3300, 3490, 0, 255, 210, 0
L -3300, 3460, 0, -3300, 3490, 0, 255, 210, 0
L -3280, 3460, 0, -3300, 3460, 0, 255, 210, 0
L -3280, 3460, 0, -3260, 3445, 0, 255, 210, 0
L -3280, 3430, 0, -3260, 3445, 0, 255, 210, 0
L -3280, 3460, 0, -3260, 3475, 0, 255, 210, 0
L -3260, 3475, 0, -3280, 3490, 0, 255, 210, 0
L -3230, 3460, 0, -3210, 3460, 0, 255, 210, 0
L -3220, 3430, 0, -3200, 3490, 0, 255, 210, 0
L -3240, 3490, 0, -3220, 3430, 0, 255, 210, 0
L -3150, 3490, 0, -3150, 3430, 0, 255, 210, 0
L -3180, 3430, 0, -3150, 3490, 0, 255, 210, 0
L -3180, 3490, 0, -3180, 3430, 0, 255, 210, 0
L -3130, 3430, 0, -3130, 3460, 0, 255, 210, 0
L -3130, 3460, 0, -3130, 3490, 0, 255, 210, 0
L -3130, 3460, 0, -3090, 3490, 0, 255, 210, 0
L -3130, 3460, 0, -3090, 3430, 0, 255, 210, 0
L -3070, 3460, 0, -3040, 3460, 0, 255, 210, 0
L -3070, 3490, 0, -3040, 3490, 0, 255, 210, 0
L -3070, 3430, 0, -3070, 3490, 0, 255, 210, 0
L -3040, 3430, 0, -3070, 3430, 0, 255, 210, 0
L -3020, 3430, 0, -3020, 3460, 0, 255, 210, 0
L -3020, 3460, 0, -3020, 3490, 0, 255, 210, 0
L -3020, 3460, 0, -3000, 3460, 0, 255, 210, 0
L -2980, 3460, 0, -2980, 3430, 0, 255, 210, 0
L -3020, 3430, 0, -2980, 3430, 0, 255, 210, 0
L -3000, 3460, 0, -2980, 3460, 0, 255, 210, 0
L -2980, 3490, 0, -3000, 3460, 0, 255, 210, 0
L -3270, 3580, 0, -3300, 3580, 0, 255, 255, 255
L -3300, 3520, 0, -3270, 3520, 0, 255, 255, 255
L -3300, 3580, 0, -3300, 3520, 0, 255, 255, 255
L -3250, 3520, 0, -3220, 3520, 0, 255, 255, 255
L -3250, 3580, 0, -3220, 3580, 0, 255, 255, 255
L -3250, 3520, 0, -3250, 3580, 0, 255, 255, 255
L -3220, 3520, 0, -3220, 3580, 0, 255, 255, 255
L -3160, 3520, 0, -3160, 3580, 0, 255, 255, 255
L -3180, 3550, 0, -3160, 3520, 0, 255, 255, 255
L -3200, 3520, 0, -3180, 3550, 0, 255, 255, 255
L -3200, 3580, 0, -3200, 3520, 0, 255, 255, 255
L -3100, 3520, 0, -3100, 3580, 0, 255, 255, 255
L -3120, 3550, 0, -3100, 3520, 0, 255, 255, 255
L -3140, 3520, 0, -3120, 3550, 0, 255, 255, 255
L -3140, 3580, 0, -3140, 3520, 0, 255, 255, 255
L -3080, 3550, 0, -3050, 3550, 0, 255, 255, 255
L -3080, 3580, 0, -3050, 3580, 0, 255, 255, 255
L -3080, 3520, 0, -3080, 3580, 0, 255, 255, 255
L -3050, 3520, 0, -3080, 3520, 0, 255, 255, 255
L -3000, 3580, 0, -3000, 3520, 0, 255, 255, 255
L -3030, 3520, 0, -3000, 3580, 0, 255, 255, 255
L -3030, 3580, 0, -3030, 3520, 0, 255, 255, 255
L -2960, 3520, 0, -2960, 3580, 0, 255, 255, 255
L -2980, 3520, 0, -2940, 3520, 0, 255, 255, 255
L -3270, 3670, 0, -3300, 3670, 0, 0, 0, 0
L -3300, 3610, 0, -3270, 3610, 0, 0, 0, 0
L -3300, 3670, 0, -3300, 3610, 0, 0, 0, 0
L -3270, 3670, 0, -3270, 3640, 0, 0, 0, 0
L -3270, 3640, 0, -3290, 3640, 0, 0, 0, 0
L -3250, 3640, 0, -3220, 3640, 0, 0, 0, 0
L -3250, 3670, 0, -3220, 3670, 0, 0, 0, 0
L -3250, 3610, 0, -3250, 3670, 0, 0, 0, 0
L -3220, 3610, 0, -3250, 3610, 0, 0, 0, 0
L -3170, 3670, 0, -3170, 3610, 0, 0, 0, 0
L -3200, 3610, 0, -3170, 3670, 0, 0, 0, 0
L -3200, 3670, 0, -3200, 3610, 0, 0, 0, 0
L -3150, 3640, 0, -3120, 3640, 0, 0, 0, 0
L -3150, 3670, 0, -3120, 3670, 0, 0, 0, 0
L -3150, 3610, 0, -3150, 3670, 0, 0, 0, 0
L -3120, 3610, 0, -3150, 3610, 0, 0, 0, 0
L -3100, 3610, 0, -3100, 3640, 0, 0, 0, 0
L -3100, 3640, 0, -3100, 3670, 0, 0, 0, 0
L -3100, 3640, 0, -3080, 3640, 0, 0, 0, 0
L -3060, 3640, 0, -3060, 3610, 0, 0, 0, 0
L -3100, 3610, 0, -3060, 3610, 0, 0, 0, 0
L -3080, 3640, 0, -3060, 3640, 0, 0, 0, 0
L -3060, 3670, 0, -3080, 3640, 0, 0, 0, 0
L -3030, 3640, 0, -3010, 3640, 0, 0, 0, 0
L -3020, 3610, 0, -3000, 3670, 0, 0, 0, 0
L -3040, 3670, 0, -3020, 3610, 0, 0, 0, 0
L -2980, 3610, 0, -2980, 3670, 0, 0, 0, 0
L -2940, 3670, 0, -2980, 3670, 0, 0, 0, 0
L -3270, 3760, 0, -3300, 3760, 0, 0, 0, 255
L -3300, 3700, 0, -3270, 3700, 0, 0, 0, 255
L -3300, 3760, 0, -3300, 3700, 0, 0, 0, 255
L -3270, 3760, 0, -3270, 3730, 0, 0, 0, 255
L -3270, 3730, 0, -3290, 3730, 0, 0, 0, 255
L -3250, 3700, 0, -3250, 3730, 0, 0, 0, 255
L -3250, 3730, 0, -3250, 3760, 0, 0, 0, 255
L -3250, 3730, 0, -3230, 3730, 0, 0, 0, 255
L -3210, 3730, 0, -3210, 3700, 0, 0, 0, 255
L -3250, 3700, 0, -3210, 3700, 0, 0, 0, 255
L -3230, 3730, 0, -3210, 3730, 0, 0, 0, 255
L -3210, 3760, 0, -3230, 3730, 0, 0, 0, 255
L -3190, 3700, 0, -3160, 3700, 0, 0, 0, 255
L -3190, 3760, 0, -3160, 3760, 0, 0, 0, 255
L -3190, 3700, 0, -3190, 3760, 0, 0, 0, 255
L -3160, 3700, 0, -3160, 3760, 0, 0, 0, 255
L -3100, 3700, 0, -3100, 3760, 0, 0, 0, 255
L -3140, 3700, 0, -3140, 3760, 0, 0, 0, 255
L -3140, 3760, 0, -3100, 3760, 0, 0, 0, 255
L -3050, 3760, 0, -3050, 3700, 0, 0, 0, 255
L -3080, 3700, 0, -3050, 3760, 0, 0, 0, 255
L -3080, 3760, 0, -3080, 3700, 0, 0, 0, 255
L -3020, 3760, 0, -3020, 3700, 0, 0, 0, 255
L -3010, 3760, 0, -3030, 3760, 0, 0, 0, 255
L -3000, 3730, 0, -3010, 3760, 0, 0, 0, 255
L -3010, 3700, 0, -3000, 3730, 0, 0, 0, 255
L -3030, 3700, 0, -3010, 3700, 0, 0, 0, 255
L -2920, 3700, 0, -2920, 3730, 0, 0, 0, 255
L -2920, 3760, 0, -2880, 3760, 0, 0, 0, 255
L -2880, 3730, 0, -2920, 3730, 0, 0, 0, 255
L -2920, 3700, 0, -2880, 3700, 0, 0, 0, 255
L -2880, 3730, 0, -2880, 3760, 0, 0, 0, 255
L -2830, 3730, 0, -2860, 3730, 0, 0, 0, 255
L -2830, 3700, 0, -2830, 3730, 0, 0, 0, 255
L -2860, 3700, 0, -2830, 3700, 0, 0, 0, 255
L -2860, 3760, 0, -2860, 3700, 0, 0, 0, 255
L -2800, 3730, 0, -2780, 3730, 0, 0, 0, 255
L -2790, 3700, 0, -2770, 3760, 0, 0, 0, 255
L -2810, 3760, 0, -2790, 3700, 0, 0, 0, 255
L -2720, 3760, 0, -2710, 3700, 0, 0, 0, 255
L -2730, 3730, 0, -2720, 3760, 0, 0, 0, 255
L -2740, 3760, 0, -2730, 3730, 0, 0, 0, 255
L -2750, 3700, 0, -2740, 3760, 0, 0, 0, 255
L -2660, 3760, 0, -2660, 3700, 0, 0, 0, 255
L -2690, 3700, 0, -2660, 3760, 0, 0, 0, 255
L -2690, 3760, 0, -2690, 3700, 0, 0, 0, 255
L -3270, 3850, 0, -3300, 3850, 0, 128, 128, 128
L -3300, 3790, 0, -3270, 3790, 0, 128, 128, 128
L -3300, 3850, 0, -3300, 3790, 0, 128, 128, 128
L -3270, 3850, 0, -3270, 3820, 0, 128, 128, 128
L -3270, 3820, 0, -3290, 3820, 0, 128, 128, 128
L -3210, 3790, 0, -3210, 3850, 0, 128, 128, 128
L -3250, 3790, 0, -3250, 3850, 0, 128, 128, 128
L -3250, 3850, 0, -3210, 3850, 0, 128, 128, 128
L -3190, 3790, 0, -3190, 3850, 0, 128, 128, 128
L -3170, 3790, 0, -3170, 3850, 0, 128, 128, 128
L -3130, 3850, 0, -3170, 3850, 0, 128, 128, 128
L -3100, 3850, 0, -3100, 3790, 0, 128, 128, 128
L -3090, 3850, 0, -3110, 3850, 0, 128, 128, 128
L -3080, 3820, 0, -3090, 3850, 0, 128, 128, 128
L -3090, 3790, 0, -3080, 3820, 0, 128, 128, 128
L -3110, 3790, 0, -3090, 3790, 0, 128, 128, 128
L -2960, 3790, 0, -2960, 3850, 0, 128, 128, 128
L -2980, 3820, 0, -2960, 3790, 0, 128, 128, 128
L -3000, 3790, 0, -2980, 3820, 0, 128, 128, 128
L -3000, 3850, 0, -3000, 3790, 0, 128, 128, 128
L -2930, 3820, 0, -2910, 3820, 0, 128, 128, 128
L -2920, 3790, 0, -2900, 3850, 0, 128, 128, 128
L -2940, 3850, 0, -2920, 3790, 0, 128, 128, 128
L -2880, 3790, 0, -2880, 3820, 0, 128, 128, 128
L -2880, 3850, 0, -2840, 3850, 0, 128, 128, 128
L -2840, 3820, 0, -2880, 3820, 0, 128, 128, 128
L -2880, 3790, 0, -2840, 3790, 0, 128, 128, 128
L -2840, 3820, 0, -2840, 3850, 0, 128, 128, 128
L -2800, 3790, 0, -2800, 3850, 0, 128, 128, 128
L -2820, 3790, 0, -2780, 3790, 0, 128, 128, 128
L -2760, 3820, 0, -2730, 3820, 0, 128, 128, 128
L -2760, 3850, 0, -2730, 3850, 0, 128, 128, 128
L -2760, 3790, 0, -2760, 3850, 0, 128, 128, 128
L -2730, 3790, 0, -2760, 3790, 0, 128, 128, 128
L -2710, 3790, 0, -2710, 3820, 0, 128, 128, 128
L -2710, 3820, 0, -2710, 3850, 0, 128, 128, 128
L -2710, 3820, 0, -2690, 3820, 0, 128, 128, 128
L -2670, 3820, 0, -2670, 3790, 0, 128, 128, 128
L -2710, 3790, 0, -2670, 3790, 0, 128, 128, 128
L -2690, 3820, 0, -2670, 3820, 0, 128, 128, 128
L -2670, 3850, 0, -2690, 3820, 0, 128, 128, 128
L -3300, 3880, 0, -3300, 3910, 0, 127, 64, 0
L -3260, 3940, 0, -3260, 3910, 0, 127, 64, 0
L -3300, 3910, 0, -3300, 3940, 0, 127, 64, 0
L -3260, 3910, 0, -3260, 3880, 0, 127, 64, 0
L -3300, 3910, 0, -3260, 3910, 0, 127, 64, 0
L -3200, 3880, 0, -3200, 3940, 0, 127, 64, 0
L -3240, 3880, 0, -3240, 3940, 0, 127, 64, 0
L -3240, 3940, 0, -3200, 3940, 0, 127, 64, 0
L -3150, 3940, 0, -3150, 3880, 0, 127, 64, 0
L -3180, 3880, 0, -3150, 3940, 0, 127, 64, 0
L -3180, 3940, 0, -3180, 3880, 0, 127, 64, 0
L -3110, 3880, 0, -3110, 3940, 0, 127, 64, 0
L -3130, 3880, 0, -3090, 3880, 0, 127, 64, 0
L -3070, 3910, 0, -3040, 3910, 0, 127, 64, 0
L -3070, 3940, 0, -3040, 3940, 0, 127, 64, 0
L -3070, 3880, 0, -3070, 3940, 0, 127, 64, 0
L -3040, 3880, 0, -3070, 3880, 0, 127, 64, 0
L -3020, 3880, 0, -3020, 3910, 0, 127, 64, 0
L -3020, 3910, 0, -3020, 3940, 0, 127, 64, 0
L -3020, 3910, 0, -3000, 3910, 0, 127, 64, 0
L -2980, 3910, 0, -2980, 3880, 0, 127, 64, 0
L -3020, 3880, 0, -2980, 3880, 0, 127, 64, 0
L -3000, 3910, 0, -2980, 3910, 0, 127, 64, 0
L -2980, 3940, 0, -3000, 3910, 0, 127, 64, 0
L -3260, 3970, 0, -3260, 4030, 0, 0, 127, 0
L -3280, 4000, 0, -3260, 3970, 0, 0, 127, 0
L -3300, 3970, 0, -3280, 4000, 0, 0, 127, 0
L -3300, 4030, 0, -3300, 3970, 0, 0, 127, 0
L -3240, 4000, 0, -3210, 4000, 0, 0, 127, 0
L -3240, 4030, 0, -3210, 4030, 0, 0, 127, 0
L -3240, 3970, 0, -3240, 4030, 0, 0, 127, 0
L -3210, 3970, 0, -3240, 3970, 0, 0, 127, 0
L -3190, 3970, 0, -3190, 4000, 0, 0, 127, 0
L -3190, 4000, 0, -3190, 4030, 0, 0, 127, 0
L -3190, 4000, 0, -3170, 4000, 0, 0, 127, 0
L -3150, 4000, 0, -3150, 3970, 0, 0, 127, 0
L -3190, 3970, 0, -3150, 3970, 0, 0, 127, 0
L -3170, 4000, 0, -3150, 4000, 0, 0, 127, 0
L -3150, 4030, 0, -3170, 4000, 0, 0, 127, 0
L -3100, 4030, 0, -3130, 4030, 0, 0, 127, 0
L -3130, 3970, 0, -3100, 3970, 0, 0, 127, 0
L -3130, 4030, 0, -3130, 3970, 0, 0, 127, 0
L -3080, 3970, 0, -3080, 4000, 0, 0, 127, 0
L -3040, 4030, 0, -3040, 4000, 0, 0, 127, 0
L -3080, 4000, 0, -3080, 4030, 0, 0, 127, 0
L -3040, 4000, 0, -3040, 3970, 0, 0, 127, 0
L -3080, 4000, 0, -3040, 4000, 0, 0, 127, 0
L -3010, 4000, 0, -2990, 4000, 0, 0, 127, 0
L -3000, 3970, 0, -2980, 4030, 0, 0, 127, 0
L -3020, 4030, 0, -3000, 3970, 0, 0, 127, 0
L -2930, 4030, 0, -2930, 3970, 0, 0, 127, 0
L -2960, 3970, 0, -2930, 4030, 0, 0, 127, 0
L -2960, 4030, 0, -2960, 3970, 0, 0, 127, 0
L -2890, 3970, 0, -2890, 4030, 0, 0, 127, 0
L -2910, 3970, 0, -2870, 3970, 0, 0, 127, 0
L -3260, 4060, 0, -3260, 4120, 0, 0, 127, 127
L -3280, 4090, 0, -3260, 4060, 0, 0, 127, 127
L -3300, 4060, 0, -3280, 4090, 0, 0, 127, 127
L -3300, 4120, 0, -3300, 4060, 0, 0, 127, 127
L -3240, 4060, 0, -3240, 4120, 0, 0, 127, 127
L -3220, 4060, 0, -3220, 4090, 0, 0, 127, 127
L -3220, 4120, 0, -3180, 4120, 0, 0, 127, 127
L -3180, 4090, 0, -3220, 4090, 0, 0, 127, 127
L -3220, 4060, 0, -3180, 4060, 0, 0, 127, 127
L -3180, 4090, 0, -3180, 4120, 0, 0, 127, 127
L -3160, 4060, 0, -3160, 4090, 0, 0, 127, 127
L -3160, 4120, 0, -3120, 4120, 0, 0, 127, 127
L -3120, 4090, 0, -3160, 4090, 0, 0, 127, 127
L -3160, 4060, 0, -3120, 4060, 0, 0, 127, 127
L -3120, 4090, 0, -3120, 4120, 0, 0, 127, 127
L -3100, 4060, 0, -3100, 4120, 0, 0, 127, 127
L -3080, 4060, 0, -3050, 4060, 0, 0, 127, 127
L -3080, 4120, 0, -3050, 4120, 0, 0, 127, 127
L -3080, 4060, 0, -3080, 4120, 0, 0, 127, 127
L -3050, 4060, 0, -3050, 4120, 0, 0, 127, 127
L -3000, 4120, 0, -3000, 4060, 0, 0, 127, 127
L -3030, 4060, 0, -3000, 4120, 0, 0, 127, 127
L -3030, 4120, 0, -3030, 4060, 0, 0, 127, 127
L -3270, 4210, 0, -3270, 4150, 0, 127, 64, 0
L -3300, 4150, 0, -3270, 4210, 0, 127, 64, 0
L -3300, 4210, 0, -3300, 4150, 0, 127, 64, 0
L -3240, 4180, 0, -3220, 4180, 0, 127, 64, 0
L -3230, 4150, 0, -3210, 4210, 0, 127, 64, 0
L -3250, 4210, 0, -3230, 4150, 0, 127, 64, 0
L -3150, 4150, 0, -3150, 4210, 0, 127, 64, 0
L -3170, 4180, 0, -3150, 4150, 0, 127, 64, 0
L -3190, 4150, 0, -3170, 4180, 0, 127, 64, 0
L -3190, 4210, 0, -3190, 4150, 0, 127, 64, 0
L -3130, 4180, 0, -3100, 4180, 0, 127, 64, 0
L -3130, 4210, 0, -3100, 4210, 0, 127, 64, 0
L -3130, 4150, 0, -3130, 4210, 0, 127, 64, 0
L -3100, 4150, 0, -3130, 4150, 0, 127, 64, 0
L -3070, 4210, 0, -3070, 4150, 0, 127, 64, 0
L -3060, 4210, 0, -3080, 4210, 0, 127, 64, 0
L -3050, 4180, 0, -3060, 4210, 0, 127, 64, 0
L -3060, 4150, 0, -3050, 4180, 0, 127, 64, 0
L -3080, 4150, 0, -3060, 4150, 0, 127, 64, 0
L -3270, 4270, 0, -3300, 4270, 0, 0, 255, 0
L -3270, 4240, 0, -3270, 4270, 0, 0, 255, 0
L -3300, 4240, 0, -3270, 4240, 0, 0, 255, 0
L -3300, 4300, 0, -3300, 4240, 0, 0, 255, 0
L -3240, 4270, 0, -3220, 4270, 0, 0, 255, 0
L -3230, 4240, 0, -3210, 4300, 0, 0, 255, 0
L -3250, 4300, 0, -3230, 4240, 0, 0, 255, 0
L -3190, 4240, 0, -3190, 4270, 0, 0, 255, 0
L -3190, 4270, 0, -3190, 4300, 0, 0, 255, 0
L -3190, 4270, 0, -3170, 4270, 0, 0, 255, 0
L -3150, 4270, 0, -3150, 4240, 0, 0, 255, 0
L -3190, 4240, 0, -3150, 4240, 0, 0, 255, 0
L -3170, 4270, 0, -3150, 4270, 0, 0, 255, 0
L -3150, 4300, 0, -3170, 4270, 0, 0, 255, 0
L -3100, 4300, 0, -3130, 4300, 0, 0, 255, 0
L -3130, 4240, 0, -3100, 4240, 0, 0, 255, 0
L -3130, 4300, 0, -3130, 4240, 0, 0, 255, 0
L -3080, 4270, 0, -3050, 4270, 0, 0, 255, 0
L -3080, 4300, 0, -3050, 4300, 0, 0, 255, 0
L -3080, 4240, 0, -3080, 4300, 0, 0, 255, 0
L -3050, 4240, 0, -3080, 4240, 0, 0, 255, 0
L -3030, 4240, 0, -3030, 4300, 0, 0, 255, 0
L -2990, 4300, 0, -3030, 4300, 0, 0, 255, 0
L -2970, 4240, 0, -2970, 4270, 0, 0, 255, 0
L -2970, 4300, 0, -2930, 4300, 0, 0, 255, 0
L -2930, 4270, 0, -2970, 4270, 0, 0, 255, 0
L -2970, 4240, 0, -2930, 4240, 0, 0, 255, 0
L -2930, 4270, 0, -2930, 4300, 0, 0, 255, 0
L -3300, 4330, 0, -3300, 4360, 0, 0, 240, 240
L -3300, 4360, 0, -3300, 4390, 0, 0, 240, 240
L -3300, 4360, 0, -3280, 4360, 0, 0, 240, 240
L -3260, 4360, 0, -3260, 4330, 0, 0, 240, 240
L -3300, 4330, 0, -3260, 4330, 0, 0, 240, 240
L -3280, 4360, 0, -3260, 4360, 0, 0, 240, 240
L -3260, 4390, 0, -3280, 4360, 0, 0, 240, 240
L -3230, 4360, 0, -3210, 4360, 0, 0, 240, 240
L -3220, 4330, 0, -3200, 4390, 0, 0, 240, 240
L -3240, 4390, 0, -3220, 4330, 0, 0, 240, 240
L -3180, 4330, 0, -3180, 4390, 0, 0, 240, 240
L -3150, 4390, 0, -3150, 4330, 0, 0, 240, 240
L -3140, 4390, 0, -3160, 4390, 0, 0, 240, 240
L -3130, 4360, 0, -3140, 4390, 0, 0, 240, 240
L -3140, 4330, 0, -3130, 4360, 0, 0, 240, 240
L -3160, 4330, 0, -3140, 4330, 0, 0, 240, 240
L -3300, 4420, 0, -3300, 4450, 0, 0, 255, 0
L -3300, 4480, 0, -3260, 4480, 0, 0, 255, 0
L -3260, 4450, 0, -3300, 4450, 0, 0, 255, 0
L -3300, 4420, 0, -3260, 4420, 0, 0, 255, 0
L -3260, 4450, 0, -3260, 4480, 0, 0, 255, 0
L -3210, 4450, 0, -3240, 4450, 0, 0, 255, 0
L -3210, 4420, 0, -3210, 4450, 0, 0, 255, 0
L -3240, 4420, 0, -3210, 4420, 0, 0, 255, 0
L -3240, 4480, 0, -3240, 4420, 0, 0, 255, 0
L -3190, 4450, 0, -3160, 4450, 0, 0, 255, 0
L -3190, 4480, 0, -3160, 4480, 0, 0, 255, 0
L -3190, 4420, 0, -3190, 4480, 0, 0, 255, 0
L -3160, 4420, 0, -3190, 4420, 0, 0, 255, 0
L -3110, 4480, 0, -3140, 4480, 0, 0, 255, 0
L -3140, 4420, 0, -3110, 4420, 0, 0, 255, 0
L -3140, 4480, 0, -3140, 4420, 0, 0, 255, 0
L -3090, 4420, 0, -3090, 4480, 0, 0, 255, 0
L -3060, 4450, 0, -3040, 4450, 0, 0, 255, 0
L -3050, 4420, 0, -3030, 4480, 0, 0, 255, 0
L -3070, 4480, 0, -3050, 4420, 0, 0, 255, 0
L -3010, 4420, 0, -3010, 4480, 0, 0, 255, 0
L -2970, 4480, 0, -3010, 4480, 0, 0, 255, 0
L -2860, 4480, 0, -2890, 4480, 0, 0, 255, 0
L -2890, 4420, 0, -2860, 4420, 0, 0, 255, 0
L -2890, 4480, 0, -2890, 4420, 0, 0, 255, 0
L -2800, 4420, 0, -2800, 4480, 0, 0, 255, 0
L -2840, 4420, 0, -2840, 4480, 0, 0, 255, 0
L -2840, 4480, 0, -2800, 4480, 0, 0, 255, 0
L -2780, 4420, 0, -2780, 4450, 0, 0, 255, 0
L -2780, 4450, 0, -2780, 4480, 0, 0, 255, 0
L -2780, 4450, 0, -2760, 4450, 0, 0, 255, 0
L -2740, 4450, 0, -2740, 4420, 0, 0, 255, 0
L -2780, 4420, 0, -2740, 4420, 0, 0, 255, 0
L -2760, 4450, 0, -2740, 4450, 0, 0, 255, 0
L -2740, 4480, 0, -2760, 4450, 0, 0, 255, 0
L -2720, 4420, 0, -2720, 4450, 0, 0, 255, 0
L -2720, 4450, 0, -2720, 4480, 0, 0, 255, 0
L -2720, 4450, 0, -2700, 4450, 0, 0, 255, 0
L -2680, 4450, 0, -2680, 4420, 0, 0, 255, 0
L -2720, 4420, 0, -2680, 4420, 0, 0, 255, 0
L -2700, 4450, 0, -2680, 4450, 0, 0, 255, 0
L -2680, 4480, 0, -2700, 4450, 0, 0, 255, 0
L -2660, 4450, 0, -2630, 4450, 0, 0, 255, 0
L -2660, 4480, 0, -2630, 4480, 0, 0, 255, 0
L -2660, 4420, 0, -2660, 4480, 0, 0, 255, 0
L -2630, 4420, 0, -2660, 4420, 0, 0, 255, 0
L -2580, 4480, 0, -2580, 4420, 0, 0, 255, 0
L -2610, 4420, 0, -2580, 4480, 0, 0, 255, 0
L -2610, 4480, 0, -2610, 4420, 0, 0, 255, 0
L -2530, 4480, 0, -2560, 4480, 0, 0, 255, 0
L -2560, 4420, 0, -2530, 4420, 0, 0, 255, 0
L -2560, 4480, 0, -2560, 4420, 0, 0, 255, 0
L -2490, 4450, 0, -2490, 4480, 0, 0, 255, 0
L -2490, 4450, 0, -2470, 4420, 0, 0, 255, 0
L -2510, 4420, 0, -2490, 4450, 0, 0, 255, 0
L -3300, 4510, 0, -3300, 4540, 0, 255, 0, 0
L -3300, 4570, 0, -3260, 4570, 0, 255, 0, 0
L -3260, 4540, 0, -3300, 4540, 0, 255, 0, 0
L -3300, 4510, 0, -3260, 4510, 0, 255, 0, 0
L -3260, 4540, 0, -3260, 4570, 0, 255, 0, 0
L -3200, 4510, 0, -3200, 4570, 0, 255, 0, 0
L -3240, 4510, 0, -3240, 4570, 0, 255, 0, 0
L -3240, 4570, 0, -3200, 4570, 0, 255, 0, 0
L -3150, 4570, 0, -3180, 4570, 0, 255, 0, 0
L -3180, 4510, 0, -3150, 4510, 0, 255, 0, 0
L -3180, 4570, 0, -3180, 4510, 0, 255, 0, 0
L -3100, 4570, 0, -3130, 4570, 0, 255, 0, 0
L -3130, 4510, 0, -3100, 4510, 0, 255, 0, 0
L -3130, 4570, 0, -3130, 4510, 0, 255, 0, 0
L -3080, 4510, 0, -3050, 4510, 0, 255, 0, 0
L -3080, 4570, 0, -3050, 4570, 0, 255, 0, 0
L -3080, 4510, 0, -3080, 4570, 0, 255, 0, 0
L -3050, 4510, 0, -3050, 4570, 0, 255, 0, 0
L -3030, 4510, 0, -3030, 4540, 0, 255, 0, 0
L -3030, 4540, 0, -3030, 4570, 0, 255, 0, 0
L -3030, 4540, 0, -3010, 4540, 0, 255, 0, 0
L -2990, 4540, 0, -2990, 4510, 0, 255, 0, 0
L -3030, 4510, 0, -2990, 4510, 0, 255, 0, 0
L -3010, 4540, 0, -2990, 4540, 0, 255, 0, 0
L -2990, 4570, 0, -3010, 4540, 0, 255, 0, 0
L -3280, 4600, 0, -3280, 4660, 0, 255, 255, 0
L -3300, 4600, 0, -3260, 4600, 0, 255, 255, 0
L -3240, 4630, 0, -3210, 4630, 0, 255, 255, 0
L -3240, 4660, 0, -3210, 4660, 0, 255, 255, 0
L -3240, 4600, 0, -3240, 4660, 0, 255, 255, 0
L -3210, 4600, 0, -3240, 4600, 0, 255, 255, 0
L -3190, 4600, 0, -3190, 4660, 0, 255, 255, 0
L -3150, 4660, 0, -3190, 4660, 0, 255, 255, 0
L -3130, 4630, 0, -3100, 4630, 0, 255, 255, 0
L -3130, 4660, 0, -3100, 4660, 0, 255, 255, 0
L -3130, 4600, 0, -3130, 4660, 0, 255, 255, 0
L -3100, 4600, 0, -3130, 4600, 0, 255, 255, 0
L -3050, 4630, 0, -3080, 4630, 0, 255, 255, 0
L -3050, 4600, 0, -3050, 4630, 0, 255, 255, 0
L -3080, 4600, 0, -3050, 4600, 0, 255, 255, 0
L -3080, 4660, 0, -3080, 4600, 0, 255, 255, 0
L -3030, 4600, 0, -3000, 4600, 0, 255, 255, 0
L -3030, 4660, 0, -3000, 4660, 0, 255, 255, 0
L -3030, 4600, 0, -3030, 4660, 0, 255, 255, 0
L -3000, 4600, 0, -3000, 4660, 0, 255, 255, 0
L -2980, 4600, 0, -2980, 4630, 0, 255, 255, 0
L -2980, 4630, 0, -2980, 4660, 0, 255, 255, 0
L -2980, 4630, 0, -2960, 4630, 0, 255, 255, 0
L -2940, 4630, 0, -2940, 4600, 0, 255, 255, 0
L -2980, 4600, 0, -2940, 4600, 0, 255, 255, 0
L -2960, 4630, 0, -2940, 4630, 0, 255, 255, 0
L -2940, 4660, 0, -2960, 4630, 0, 255, 255, 0
L -2900, 4600, 0, -2900, 4660, 0, 255, 255, 0
L -2920, 4600, 0, -2880, 4600, 0, 255, 255, 0
L -3280, 4690, 0, -3280, 4750, 0, 128, 0, 128
L -3300, 4690, 0, -3260, 4690, 0, 128, 0, 128
L -3240, 4690, 0, -3240, 4720, 0, 128, 0, 128
L -3240, 4720, 0, -3240, 4750, 0, 128, 0, 128
L -3240, 4720, 0, -3220, 4720, 0, 128, 0, 128
L -3200, 4720, 0, -3200, 4690, 0, 128, 0, 128
L -3240, 4690, 0, -3200, 4690, 0, 128, 0, 128
L -3220, 4720, 0, -3200, 4720, 0, 128, 0, 128
L -3200, 4750, 0, -3220, 4720, 0, 128, 0, 128
L -3170, 4720, 0, -3150, 4720, 0, 128, 0, 128
L -3160, 4690, 0, -3140, 4750, 0, 128, 0, 128
L -3180, 4750, 0, -3160, 4690, 0, 128, 0, 128
L -3110, 4750, 0, -3110, 4690, 0, 128, 0, 128
L -3100, 4750, 0, -3120, 4750, 0, 128, 0, 128
L -3090, 4720, 0, -3100, 4750, 0, 128, 0, 128
L -3100, 4690, 0, -3090, 4720, 0, 128, 0, 128
L -3120, 4690, 0, -3100, 4690, 0, 128, 0, 128
L -3070, 4720, 0, -3040, 4720, 0, 128, 0, 128
L -3070, 4750, 0, -3040, 4750, 0, 128, 0, 128
L -3070, 4690, 0, -3070, 4750, 0, 128, 0, 128
L -3040, 4690, 0, -3070, 4690, 0, 128, 0, 128
L -3020, 4690, 0, -3020, 4720, 0, 128, 0, 128
L -3020, 4750, 0, -2980, 4750, 0, 128, 0, 128
L -2980, 4720, 0, -3020, 4720, 0, 128, 0, 128
L -3020, 4690, 0, -2980, 4690, 0, 128, 0, 128
L -2980, 4720, 0, -2980, 4750, 0, 128, 0, 128
L -2960, 4690, 0, -2960, 4720, 0, 128, 0, 128
L -2960, 4720, 0, -2960, 4750, 0, 128, 0, 128
L -2960, 4720, 0, -2920, 4750, 0, 128, 0, 128
L -2960, 4720, 0, -2920, 4690, 0, 128, 0, 128
L -2900, 4690, 0, -2900, 4750, 0, 128, 0, 128
L -2880, 4690, 0, -2880, 4750, 0, 128, 0, 128
L -2840, 4750, 0, -2880, 4750, 0, 128, 0, 128
L -2820, 4690, 0, -2820, 4750, 0, 128, 0, 128
L -2780, 4750, 0, -2820, 4750, 0, 128, 0, 128
L -2670, 4750, 0, -2700, 4750, 0, 128, 0, 128
L -2700, 4690, 0, -2670, 4690, 0, 128, 0, 128
L -2700, 4750, 0, -2700, 4690, 0, 128, 0, 128
L -2650, 4690, 0, -2620, 4690, 0, 128, 0, 128
L -2650, 4750, 0, -2620, 4750, 0, 128, 0, 128
L -2650, 4690, 0, -2650, 4750, 0, 128, 0, 128
L -2620, 4690, 0, -2620, 4750, 0, 128, 0, 128
L -2570, 4750, 0, -2570, 4690, 0, 128, 0, 128
L -2600, 4690, 0, -2570, 4750, 0, 128, 0, 128
L -2600, 4750, 0, -2600, 4690, 0, 128, 0, 128
L -2530, 4690, 0, -2530, 4750, 0, 128, 0, 128
L -2550, 4690, 0, -2510, 4690, 0, 128, 0, 128
L -2480, 4720, 0, -2460, 4720, 0, 128, 0, 128
L -2470, 4690, 0, -2450, 4750, 0, 128, 0, 128
L -2490, 4750, 0, -2470, 4690, 0, 128, 0, 128
L -2430, 4690, 0, -2430, 4750, 0, 128, 0, 128
L -2380, 4750, 0, -2380, 4690, 0, 128, 0, 128
L -2410, 4690, 0, -2380, 4750, 0, 128, 0, 128
L -2410, 4750, 0, -2410, 4690, 0, 128, 0, 128
L -2360, 4720, 0, -2330, 4720, 0, 128, 0, 128
L -2360, 4750, 0, -2330, 4750, 0, 128, 0, 128
L -2360, 4690, 0, -2360, 4750, 0, 128, 0, 128
L -2330, 4690, 0, -2360, 4690, 0, 128, 0, 128
L -2310, 4690, 0, -2310, 4720, 0, 128, 0, 128
L -2310, 4720, 0, -2310, 4750, 0, 128, 0, 128
L -2310, 4720, 0, -2290, 4720, 0, 128, 0, 128
L -2270, 4720, 0, -2270, 4690, 0, 128, 0, 128
L -2310, 4690, 0, -2270, 4690, 0, 128, 0, 128
L -2290, 4720, 0, -2270, 4720, 0, 128, 0, 128
L -2270, 4750, 0, -2290, 4720, 0, 128, 0, 128
L -3280, 4780, 0, -3280, 4840, 0, 255, 255, 0
L -3300, 4780, 0, -3260, 4780, 0, 255, 255, 0
L -3240, 4780, 0, -3240, 4810, 0, 255, 255, 0
L -3240, 4810, 0, -3240, 4840, 0, 255, 255, 0
L -3240, 4810, 0, -3220, 4810, 0, 255, 255, 0
L -3200, 4810, 0, -3200, 4780, 0, 255, 255, 0
L -3240, 4780, 0, -3200, 4780, 0, 255, 255, 0
L -3220, 4810, 0, -3200, 4810, 0, 255, 255, 0
L -3200, 4840, 0, -3220, 4810, 0, 255, 255, 0
L -3170, 4810, 0, -3150, 4810, 0, 255, 255, 0
L -3160, 4780, 0, -3140, 4840, 0, 255, 255, 0
L -3180, 4840, 0, -3160, 4780, 0, 255, 255, 0
L -3090, 4810, 0, -3120, 4810, 0, 255, 255, 0
L -3090, 4780, 0, -3090, 4810, 0, 255, 255, 0
L -3120, 4780, 0, -3090, 4780, 0, 255, 255, 0
L -3120, 4840, 0, -3120, 4780, 0, 255, 255, 0
L -3270, 4870, 0, -3300, 4870, 0, 255, 0, 0
L -3300, 4930, 0, -3270, 4870, 0, 255, 0, 0
L -3300, 4930, 0, -3270, 4930, 0, 255, 0, 0
L -3250, 4870, 0, -3220, 4870, 0, 255, 0, 0
L -3250, 4930, 0, -3220, 4930, 0, 255, 0, 0
L -3250, 4870, 0, -3250, 4930, 0, 255, 0, 0
L -3220, 4870, 0, -3220, 4930, 0, 255, 0, 0
L -3170, 4930, 0, -3170, 4870, 0, 255, 0, 0
L -3200, 4870, 0, -3170, 4930, 0, 255, 0, 0
L -3200, 4930, 0, -3200, 4870, 0, 255, 0, 0
L -3150, 4900, 0, -3120, 4900, 0, 255, 0, 0
L -3150, 4930, 0, -3120, 4930, 0, 255, 0, 0
L -3150, 4870, 0, -3150, 4930, 0, 255, 0, 0
L -3120, 4870, 0, -3150, 4870, 0, 255, 0, 0
P -4300, 3300, 0, 0, 0, 0, 2, Original_Map:_Ranger_Efton
P -4300, 3500, 0, 0, 0, 0, 2, Revised_Map:_Brewall_Rainsiger_(Cazic-Thule)
P -4300, 3700, 0, 0, 0, 0, 2, http://www.eqmaps.info
P -4300, 3900, 0, 0, 0, 0, 2, Return_of_the_Exiled_(www.roteguild.org)
P -4300, 4100, 0, 127, 64, 0, 2, an_ancient_cyclops
P -4300, 4300, 0, 127, 64, 0, 2, a_goblin_headmaster
P -4300, 4500, 0, 127, 64, 0, 2, Mojo_the_Tainted
