L 1000.0, 0.0, 0.0, 1000.0, -50.0, 0.0, 255, 0, 0
L -20.0, 50.0, 0.0, -50.0, 20.0, 0.0, 255, 0, 0
L 50.0, 20.0, 0.0, 20.0, 50.0, 0.0, 255, 0, 0
L 20.0, -50.0, 0.0, 50.0, -20.0, 0.0, 255, 0, 0
L -50.0, -20.0, 0.0, -20.0, -50.0, 0.0, 255, 0, 0
L -50.0, 20.0, 0.0, -50.0, -20.0, 0.0, 255, 0, 0
L 20.0, 50.0, 0.0, -20.0, 50.0, 0.0, 255, 0, 0
L 50.0, -20.0, 0.0, 50.0, 20.0, 0.0, 255, 0, 0
L -20.0, -50.0, 0.0, 20.0, -50.0, 0.0, 255, 0, 0
L 580.0, -20.0, 0.0, 540.0, -20.0, 0.0, 255, 0, 0
L 580.0, -90.0, 0.0, 580.0, -20.0, 0.0, 255, 0, 0
L 540.0, -90.0, 0.0, 580.0, -90.0, 0.0, 255, 0, 0
L 540.0, -20.0, 0.0, 540.0, -90.0, 0.0, 255, 0, 0
L 520.0, -20.0, 0.0, 480.0, -20.0, 0.0, 255, 0, 0
L 520.0, -90.0, 0.0, 520.0, -20.0, 0.0, 255, 0, 0
L 480.0, -90.0, 0.0, 520.0, -90.0, 0.0, 255, 0, 0
L 480.0, -20.0, 0.0, 480.0, -90.0, 0.0, 255, 0, 0
L 460.0, -90.0, 0.0, 450.0, -80.0, 0.0, 255, 0, 0
L 460.0, -20.0, 0.0, 460.0, -90.0, 0.0, 255, 0, 0
L 0.0, -250.0, 0.0, 0.0, 250.0, 0.0, 255, 0, 0
L -250.0, 0.0, 0.0, 1000.0, 0.0, 0.0, 255, 0, 0
L -120.0, -80.0, 0.0, -120.0, -60.0, 0.0, 255, 0, 0
L -120.0, -60.0, 0.0, -120.0, -40.0, 0.0, 255, 0, 0
L -100.0, -60.0, 0.0, -120.0, -60.0, 0.0, 255, 0, 0
L -120.0, -60.0, 0.0, -140.0, -60.0, 0.0, 255, 0, 0
L -90.0, -50.0, 0.0, -100.0, -30.0, 0.0, 255, 0, 0
L -60.0, -80.0, 0.0, -60.0, -60.0, 0.0, 255, 0, 0
L -60.0, -60.0, 0.0, -60.0, -40.0, 0.0, 255, 0, 0
L -40.0, -60.0, 0.0, -60.0, -60.0, 0.0, 255, 0, 0
L -60.0, -60.0, 0.0, -80.0, -60.0, 0.0, 255, 0, 0
L 100.0, 60.0, 0.0, 120.0, 60.0, 0.0, 255, 0, 0
L 120.0, 60.0, 0.0, 140.0, 60.0, 0.0, 255, 0, 0
L 90.0, 70.0, 0.0, 80.0, 90.0, 0.0, 255, 0, 0
L 40.0, 60.0, 0.0, 60.0, 60.0, 0.0, 255, 0, 0
L 60.0, 60.0, 0.0, 80.0, 60.0, 0.0, 255, 0, 0
L -100.0, 60.0, 0.0, -120.0, 60.0, 0.0, 255, 0, 0
L -120.0, 60.0, 0.0, -140.0, 60.0, 0.0, 255, 0, 0
L -90.0, 70.0, 0.0, -100.0, 90.0, 0.0, 255, 0, 0
L -60.0, 80.0, 0.0, -60.0, 60.0, 0.0, 255, 0, 0
L -60.0, 60.0, 0.0, -60.0, 40.0, 0.0, 255, 0, 0
L -40.0, 60.0, 0.0, -60.0, 60.0, 0.0, 255, 0, 0
L -60.0, 60.0, 0.0, -80.0, 60.0, 0.0, 255, 0, 0
L 100.0, -60.0, 0.0, 120.0, -60.0, 0.0, 255, 0, 0
L 120.0, -60.0, 0.0, 140.0, -60.0, 0.0, 255, 0, 0
L 90.0, -50.0, 0.0, 80.0, -30.0, 0.0, 255, 0, 0
L 60.0, -80.0, 0.0, 60.0, -60.0, 0.0, 255, 0, 0
L 60.0, -60.0, 0.0, 60.0, -40.0, 0.0, 255, 0, 0
L 40.0, -60.0, 0.0, 60.0, -60.0, 0.0, 255, 0, 0
L 60.0, -60.0, 0.0, 80.0, -60.0, 0.0, 255, 0, 0
L 599.0, -90.0, 0.0, 637.3, -90.0, 0.0, 255, 0, 0
L 599.0, -20.0, 0.0, 637.3, -20.0, 0.0, 255, 0, 0
L 599.0, -90.0, 0.0, 599.0, -20.0, 0.0, 255, 0, 0
L 637.3, -90.0, 0.0, 637.3, -20.0, 0.0, 255, 0, 0
L -100, 3100, 0, -100, 3160, 0, 0, 0, 0
L -60, 3160, 0, -100, 3160, 0, 0, 0, 0
L -40, 3130, 0, -10, 3130, 0, 0, 0, 0
L -40, 3160, 0, -10, 3160, 0, 0, 0, 0
L -40, 3100, 0, -40, 3160, 0, 0, 0, 0
L -10, 3100, 0, -40, 3100, 0, 0, 0, 0
L 40, 3160, 0, 10, 3160, 0, 0, 0, 0
L 10, 3100, 0, 40, 3100, 0, 0, 0, 0
L 10, 3160, 0, 10, 3100, 0, 0, 0, 0
L 40, 3160, 0, 40, 3130, 0, 0, 0, 0
L 40, 3130, 0, 20, 3130, 0, 0, 0, 0
L 60, 3130, 0, 90, 3130, 0, 0, 0, 0
L 60, 3160, 0, 90, 3160, 0, 0, 0, 0
L 60, 3100, 0, 60, 3160, 0, 0, 0, 0
L 90, 3100, 0, 60, 3100, 0, 0, 0, 0
L 140, 3160, 0, 140, 3100, 0, 0, 0, 0
L 110, 3100, 0, 140, 3160, 0, 0, 0, 0
L 110, 3160, 0, 110, 3100, 0, 0, 0, 0
L 170, 3160, 0, 170, 3100, 0, 0, 0, 0
L 180, 3160, 0, 160, 3160, 0, 0, 0, 0
L 190, 3130, 0, 180, 3160, 0, 0, 0, 0
L 180, 3100, 0, 190, 3130, 0, 0, 0, 0
L 160, 3100, 0, 180, 3100, 0, 0, 0, 0
L -100, 3310, 0, -40, 3310, 0, 0, 0, 0
L -100, 3230, 0, -40, 3230, 0, 0, 0, 0
L -70, 3283, 0, -70, 3257, 0, 205, 133, 63
L -40, 3310, 0, 20, 3310, 0, 0, 0, 0
L -40, 3310, 0, -40, 3283, 0, 205, 133, 63
L -70, 3283, 0, -10, 3283, 0, 205, 133, 63
L -70, 3257, 0, -40, 3257, 0, 205, 133, 63
L -40, 3257, 0, -10, 3257, 0, 205, 133, 63
L -40, 3230, 0, 20, 3230, 0, 0, 0, 0
L -40, 3257, 0, -40, 3230, 0, 205, 133, 63
L -10, 3283, 0, -10, 3257, 0, 205, 133, 63
L 70, 3300, 0, 70, 3240, 0, 0, 0, 0
L 80, 3300, 0, 60, 3300, 0, 0, 0, 0
L 90, 3270, 0, 80, 3300, 0, 0, 0, 0
L 80, 3240, 0, 90, 3270, 0, 0, 0, 0
L 60, 3240, 0, 80, 3240, 0, 0, 0, 0
L 110, 3240, 0, 140, 3240, 0, 0, 0, 0
L 110, 3300, 0, 140, 3300, 0, 0, 0, 0
L 110, 3240, 0, 110, 3300, 0, 0, 0, 0
L 140, 3240, 0, 140, 3300, 0, 0, 0, 0
L 160, 3240, 0, 190, 3240, 0, 0, 0, 0
L 160, 3300, 0, 190, 3300, 0, 0, 0, 0
L 160, 3240, 0, 160, 3300, 0, 0, 0, 0
L 190, 3240, 0, 190, 3300, 0, 0, 0, 0
L 210, 3240, 0, 210, 3270, 0, 0, 0, 0
L 210, 3270, 0, 210, 3300, 0, 0, 0, 0
L 210, 3270, 0, 230, 3270, 0, 0, 0, 0
L 250, 3270, 0, 250, 3240, 0, 0, 0, 0
L 210, 3240, 0, 250, 3240, 0, 0, 0, 0
L 230, 3270, 0, 250, 3270, 0, 0, 0, 0
L 250, 3300, 0, 230, 3270, 0, 0, 0, 0
L -100, 3350, 0, -100, 3380, 0, 255, 210, 0
L -100, 3350, 0, -80, 3350, 0, 255, 210, 0
L -80, 3410, 0, -100, 3410, 0, 255, 210, 0
L -100, 3380, 0, -100, 3410, 0, 255, 210, 0
L -80, 3380, 0, -100, 3380, 0, 255, 210, 0
L -80, 3380, 0, -60, 3365, 0, 255, 210, 0
L -80, 3350, 0, -60, 3365, 0, 255, 210, 0
L -80, 3380, 0, -60, 3395, 0, 255, 210, 0
L -60, 3395, 0, -80, 3410, 0, 255, 210, 0
L -30, 3380, 0, -10, 3380, 0, 255, 210, 0
L -20, 3350, 0, 0, 3410, 0, 255, 210, 0
L -40, 3410, 0, -20, 3350, 0, 255, 210, 0
L 50, 3410, 0, 50, 3350, 0, 255, 210, 0
L 20, 3350, 0, 50, 3410, 0, 255, 210, 0
L 20, 3410, 0, 20, 3350, 0, 255, 210, 0
L 70, 3350, 0, 70, 3380, 0, 255, 210, 0
L 70, 3380, 0, 70, 3410, 0, 255, 210, 0
L 70, 3380, 0, 110, 3410, 0, 255, 210, 0
L 70, 3380, 0, 110, 3350, 0, 255, 210, 0
L 130, 3380, 0, 160, 3380, 0, 255, 210, 0
L 130, 3410, 0, 160, 3410, 0, 255, 210, 0
L 130, 3350, 0, 130, 3410, 0, 255, 210, 0
L 160, 3350, 0, 130, 3350, 0, 255, 210, 0
L 180, 3350, 0, 180, 3380, 0, 255, 210, 0
L 180, 3380, 0, 180, 3410, 0, 255, 210, 0
L 180, 3380, 0, 200, 3380, 0, 255, 210, 0
L 220, 3380, 0, 220, 3350, 0, 255, 210, 0
L 180, 3350, 0, 220, 3350, 0, 255, 210, 0
L 200, 3380, 0, 220, 3380, 0, 255, 210, 0
L 220, 3410, 0, 200, 3380, 0, 255, 210, 0
L -70, 3500, 0, -100, 3500, 0, 255, 255, 255
L -100, 3440, 0, -70, 3440, 0, 255, 255, 255
L -100, 3500, 0, -100, 3440, 0, 255, 255, 255
L -50, 3440, 0, -20, 3440, 0, 255, 255, 255
L -50, 3500, 0, -20, 3500, 0, 255, 255, 255
L -50, 3440, 0, -50, 3500, 0, 255, 255, 255
L -20, 3440, 0, -20, 3500, 0, 255, 255, 255
L 40, 3440, 0, 40, 3500, 0, 255, 255, 255
L 20, 3470, 0, 40, 3440, 0, 255, 255, 255
L 0, 3440, 0, 20, 3470, 0, 255, 255, 255
L 0, 3500, 0, 0, 3440, 0, 255, 255, 255
L 100, 3440, 0, 100, 3500, 0, 255, 255, 255
L 80, 3470, 0, 100, 3440, 0, 255, 255, 255
L 60, 3440, 0, 80, 3470, 0, 255, 255, 255
L 60, 3500, 0, 60, 3440, 0, 255, 255, 255
L 120, 3470, 0, 150, 3470, 0, 255, 255, 255
L 120, 3500, 0, 150, 3500, 0, 255, 255, 255
L 120, 3440, 0, 120, 3500, 0, 255, 255, 255
L 150, 3440, 0, 120, 3440, 0, 255, 255, 255
L 200, 3500, 0, 200, 3440, 0, 255, 255, 255
L 170, 3440, 0, 200, 3500, 0, 255, 255, 255
L 170, 3500, 0, 170, 3440, 0, 255, 255, 255
L 240, 3440, 0, 240, 3500, 0, 255, 255, 255
L 220, 3440, 0, 260, 3440, 0, 255, 255, 255
L -70, 3590, 0, -100, 3590, 0, 0, 0, 0
L -100, 3530, 0, -70, 3530, 0, 0, 0, 0
L -100, 3590, 0, -100, 3530, 0, 0, 0, 0
L -70, 3590, 0, -70, 3560, 0, 0, 0, 0
L -70, 3560, 0, -90, 3560, 0, 0, 0, 0
L -50, 3560, 0, -20, 3560, 0, 0, 0, 0
L -50, 3590, 0, -20, 3590, 0, 0, 0, 0
L -50, 3530, 0, -50, 3590, 0, 0, 0, 0
L -20, 3530, 0, -50, 3530, 0, 0, 0, 0
L 30, 3590, 0, 30, 3530, 0, 0, 0, 0
L 0, 3530, 0, 30, 3590, 0, 0, 0, 0
L 0, 3590, 0, 0, 3530, 0, 0, 0, 0
L 50, 3560, 0, 80, 3560, 0, 0, 0, 0
L 50, 3590, 0, 80, 3590, 0, 0, 0, 0
L 50, 3530, 0, 50, 3590, 0, 0, 0, 0
L 80, 3530, 0, 50, 3530, 0, 0, 0, 0
L 100, 3530, 0, 100, 3560, 0, 0, 0, 0
L 100, 3560, 0, 100, 3590, 0, 0, 0, 0
L 100, 3560, 0, 120, 3560, 0, 0, 0, 0
L 140, 3560, 0, 140, 3530, 0, 0, 0, 0
L 100, 3530, 0, 140, 3530, 0, 0, 0, 0
L 120, 3560, 0, 140, 3560, 0, 0, 0, 0
L 140, 3590, 0, 120, 3560, 0, 0, 0, 0
L 170, 3560, 0, 190, 3560, 0, 0, 0, 0
L 180, 3530, 0, 200, 3590, 0, 0, 0, 0
L 160, 3590, 0, 180, 3530, 0, 0, 0, 0
L 220, 3530, 0, 220, 3590, 0, 0, 0, 0
L 260, 3590, 0, 220, 3590, 0, 0, 0, 0
L -70, 3680, 0, -100, 3680, 0, 0, 0, 255
L -100, 3620, 0, -70, 3620, 0, 0, 0, 255
L -100, 3680, 0, -100, 3620, 0, 0, 0, 255
L -70, 3680, 0, -70, 3650, 0, 0, 0, 255
L -70, 3650, 0, -90, 3650, 0, 0, 0, 255
L -50, 3620, 0, -50, 3650, 0, 0, 0, 255
L -50, 3650, 0, -50, 3680, 0, 0, 0, 255
L -50, 3650, 0, -30, 3650, 0, 0, 0, 255
L -10, 3650, 0, -10, 3620, 0, 0, 0, 255
L -50, 3620, 0, -10, 3620, 0, 0, 0, 255
L -30, 3650, 0, -10, 3650, 0, 0, 0, 255
L -10, 3680, 0, -30, 3650, 0, 0, 0, 255
L 10, 3620, 0, 40, 3620, 0, 0, 0, 255
L 10, 3680, 0, 40, 3680, 0, 0, 0, 255
L 10, 3620, 0, 10, 3680, 0, 0, 0, 255
L 40, 3620, 0, 40, 3680, 0, 0, 0, 255
L 100, 3620, 0, 100, 3680, 0, 0, 0, 255
L 60, 3620, 0, 60, 3680, 0, 0, 0, 255
L 60, 3680, 0, 100, 3680, 0, 0, 0, 255
L 150, 3680, 0, 150, 3620, 0, 0, 0, 255
L 120, 3620, 0, 150, 3680, 0, 0, 0, 255
L 120, 3680, 0, 120, 3620, 0, 0, 0, 255
L 180, 3680, 0, 180, 3620, 0, 0, 0, 255
L 190, 3680, 0, 170, 3680, 0, 0, 0, 255
L 200, 3650, 0, 190, 3680, 0, 0, 0, 255
L 190, 3620, 0, 200, 3650, 0, 0, 0, 255
L 170, 3620, 0, 190, 3620, 0, 0, 0, 255
L 280, 3620, 0, 280, 3650, 0, 0, 0, 255
L 280, 3680, 0, 320, 3680, 0, 0, 0, 255
L 320, 3650, 0, 280, 3650, 0, 0, 0, 255
L 280, 3620, 0, 320, 3620, 0, 0, 0, 255
L 320, 3650, 0, 320, 3680, 0, 0, 0, 255
L 370, 3650, 0, 340, 3650, 0, 0, 0, 255
L 370, 3620, 0, 370, 3650, 0, 0, 0, 255
L 340, 3620, 0, 370, 3620, 0, 0, 0, 255
L 340, 3680, 0, 340, 3620, 0, 0, 0, 255
L 400, 3650, 0, 420, 3650, 0, 0, 0, 255
L 410, 3620, 0, 430, 3680, 0, 0, 0, 255
L 390, 3680, 0, 410, 3620, 0, 0, 0, 255
L 480, 3680, 0, 490, 3620, 0, 0, 0, 255
L 470, 3650, 0, 480, 3680, 0, 0, 0, 255
L 460, 3680, 0, 470, 3650, 0, 0, 0, 255
L 450, 3620, 0, 460, 3680, 0, 0, 0, 255
L 540, 3680, 0, 540, 3620, 0, 0, 0, 255
L 510, 3620, 0, 540, 3680, 0, 0, 0, 255
L 510, 3680, 0, 510, 3620, 0, 0, 0, 255
L -70, 3770, 0, -100, 3770, 0, 128, 128, 128
L -100, 3710, 0, -70, 3710, 0, 128, 128, 128
L -100, 3770, 0, -100, 3710, 0, 128, 128, 128
L -70, 3770, 0, -70, 3740, 0, 128, 128, 128
L -70, 3740, 0, -90, 3740, 0, 128, 128, 128
L -10, 3710, 0, -10, 3770, 0, 128, 128, 128
L -50, 3710, 0, -50, 3770, 0, 128, 128, 128
L -50, 3770, 0, -10, 3770, 0, 128, 128, 128
L 10, 3710, 0, 10, 3770, 0, 128, 128, 128
L 30, 3710, 0, 30, 3770, 0, 128, 128, 128
L 70, 3770, 0, 30, 3770, 0, 128, 128, 128
L 100, 3770, 0, 100, 3710, 0, 128, 128, 128
L 110, 3770, 0, 90, 3770, 0, 128, 128, 128
L 120, 3740, 0, 110, 3770, 0, 128, 128, 128
L 110, 3710, 0, 120, 3740, 0, 128, 128, 128
L 90, 3710, 0, 110, 3710, 0, 128, 128, 128
L 240, 3710, 0, 240, 3770, 0, 128, 128, 128
L 220, 3740, 0, 240, 3710, 0, 128, 128, 128
L 200, 3710, 0, 220, 3740, 0, 128, 128, 128
L 200, 3770, 0, 200, 3710, 0, 128, 128, 128
L 270, 3740, 0, 290, 3740, 0, 128, 128, 128
L 280, 3710, 0, 300, 3770, 0, 128, 128, 128
L 260, 3770, 0, 280, 3710, 0, 128, 128, 128
L 320, 3710, 0, 320, 3740, 0, 128, 128, 128
L 320, 3770, 0, 360, 3770, 0, 128, 128, 128
L 360, 3740, 0, 320, 3740, 0, 128, 128, 128
L 320, 3710, 0, 360, 3710, 0, 128, 128, 128
L 360, 3740, 0, 360, 3770, 0, 128, 128, 128
L 400, 3710, 0, 400, 3770, 0, 128, 128, 128
L 380, 3710, 0, 420, 3710, 0, 128, 128, 128
L 440, 3740, 0, 470, 3740, 0, 128, 128, 128
L 440, 3770, 0, 470, 3770, 0, 128, 128, 128
L 440, 3710, 0, 440, 3770, 0, 128, 128, 128
L 470, 3710, 0, 440, 3710, 0, 128, 128, 128
L 490, 3710, 0, 490, 3740, 0, 128, 128, 128
L 490, 3740, 0, 490, 3770, 0, 128, 128, 128
L 490, 3740, 0, 510, 3740, 0, 128, 128, 128
L 530, 3740, 0, 530, 3710, 0, 128, 128, 128
L 490, 3710, 0, 530, 3710, 0, 128, 128, 128
L 510, 3740, 0, 530, 3740, 0, 128, 128, 128
L 530, 3770, 0, 510, 3740, 0, 128, 128, 128
L -100, 3800, 0, -100, 3830, 0, 127, 64, 0
L -60, 3860, 0, -60, 3830, 0, 127, 64, 0
L -100, 3830, 0, -100, 3860, 0, 127, 64, 0
L -60, 3830, 0, -60, 3800, 0, 127, 64, 0
L -100, 3830, 0, -60, 3830, 0, 127, 64, 0
L 0, 3800, 0, 0, 3860, 0, 127, 64, 0
L -40, 3800, 0, -40, 3860, 0, 127, 64, 0
L -40, 3860, 0, 0, 3860, 0, 127, 64, 0
L 50, 3860, 0, 50, 3800, 0, 127, 64, 0
L 20, 3800, 0, 50, 3860, 0, 127, 64, 0
L 20, 3860, 0, 20, 3800, 0, 127, 64, 0
L 90, 3800, 0, 90, 3860, 0, 127, 64, 0
L 70, 3800, 0, 110, 3800, 0, 127, 64, 0
L 130, 3830, 0, 160, 3830, 0, 127, 64, 0
L 130, 3860, 0, 160, 3860, 0, 127, 64, 0
L 130, 3800, 0, 130, 3860, 0, 127, 64, 0
L 160, 3800, 0, 130, 3800, 0, 127, 64, 0
L 180, 3800, 0, 180, 3830, 0, 127, 64, 0
L 180, 3830, 0, 180, 3860, 0, 127, 64, 0
L 180, 3830, 0, 200, 3830, 0, 127, 64, 0
L 220, 3830, 0, 220, 3800, 0, 127, 64, 0
L 180, 3800, 0, 220, 3800, 0, 127, 64, 0
L 200, 3830, 0, 220, 3830, 0, 127, 64, 0
L 220, 3860, 0, 200, 3830, 0, 127, 64, 0
L -60, 3890, 0, -60, 3950, 0, 0, 127, 0
L -80, 3920, 0, -60, 3890, 0, 0, 127, 0
L -100, 3890, 0, -80, 3920, 0, 0, 127, 0
L -100, 3950, 0, -100, 3890, 0, 0, 127, 0
L -40, 3920, 0, -10, 3920, 0, 0, 127, 0
L -40, 3950, 0, -10, 3950, 0, 0, 127, 0
L -40, 3890, 0, -40, 3950, 0, 0, 127, 0
L -10, 3890, 0, -40, 3890, 0, 0, 127, 0
L 10, 3890, 0, 10, 3920, 0, 0, 127, 0
L 10, 3920, 0, 10, 3950, 0, 0, 127, 0
L 10, 3920, 0, 30, 3920, 0, 0, 127, 0
L 50, 3920, 0, 50, 3890, 0, 0, 127, 0
L 10, 3890, 0, 50, 3890, 0, 0, 127, 0
L 30, 3920, 0, 50, 3920, 0, 0, 127, 0
L 50, 3950, 0, 30, 3920, 0, 0, 127, 0
L 100, 3950, 0, 70, 3950, 0, 0, 127, 0
L 70, 3890, 0, 100, 3890, 0, 0, 127, 0
L 70, 3950, 0, 70, 3890, 0, 0, 127, 0
L 120, 3890, 0, 120, 3920, 0, 0, 127, 0
L 160, 3950, 0, 160, 3920, 0, 0, 127, 0
L 120, 3920, 0, 120, 3950, 0, 0, 127, 0
L 160, 3920, 0, 160, 3890, 0, 0, 127, 0
L 120, 3920, 0, 160, 3920, 0, 0, 127, 0
L 190, 3920, 0, 210, 3920, 0, 0, 127, 0
L 200, 3890, 0, 220, 3950, 0, 0, 127, 0
L 180, 3950, 0, 200, 3890, 0, 0, 127, 0
L 270, 3950, 0, 270, 3890, 0, 0, 127, 0
L 240, 3890, 0, 270, 3950, 0, 0, 127, 0
L 240, 3950, 0, 240, 3890, 0, 0, 127, 0
L 310, 3890, 0, 310, 3950, 0, 0, 127, 0
L 290, 3890, 0, 330, 3890, 0, 0, 127, 0
L -60, 3980, 0, -60, 4040, 0, 0, 127, 127
L -80, 4010, 0, -60, 3980, 0, 0, 127, 127
L -100, 3980, 0, -80, 4010, 0, 0, 127, 127
L -100, 4040, 0, -100, 3980, 0, 0, 127, 127
L -40, 3980, 0, -40, 4040, 0, 0, 127, 127
L -20, 3980, 0, -20, 4010, 0, 0, 127, 127
L -20, 4040, 0, 20, 4040, 0, 0, 127, 127
L 20, 4010, 0, -20, 4010, 0, 0, 127, 127
L -20, 3980, 0, 20, 3980, 0, 0, 127, 127
L 20, 4010, 0, 20, 4040, 0, 0, 127, 127
L 40, 3980, 0, 40, 4010, 0, 0, 127, 127
L 40, 4040, 0, 80, 4040, 0, 0, 127, 127
L 80, 4010, 0, 40, 4010, 0, 0, 127, 127
L 40, 3980, 0, 80, 3980, 0, 0, 127, 127
L 80, 4010, 0, 80, 4040, 0, 0, 127, 127
L 100, 3980, 0, 100, 4040, 0, 0, 127, 127
L 120, 3980, 0, 150, 3980, 0, 0, 127, 127
L 120, 4040, 0, 150, 4040, 0, 0, 127, 127
L 120, 3980, 0, 120, 4040, 0, 0, 127, 127
L 150, 3980, 0, 150, 4040, 0, 0, 127, 127
L 200, 4040, 0, 200, 3980, 0, 0, 127, 127
L 170, 3980, 0, 200, 4040, 0, 0, 127, 127
L 170, 4040, 0, 170, 3980, 0, 0, 127, 127
L -70, 4130, 0, -70, 4070, 0, 127, 64, 0
L -100, 4070, 0, -70, 4130, 0, 127, 64, 0
L -100, 4130, 0, -100, 4070, 0, 127, 64, 0
L -40, 4100, 0, -20, 4100, 0, 127, 64, 0
L -30, 4070, 0, -10, 4130, 0, 127, 64, 0
L -50, 4130, 0, -30, 4070, 0, 127, 64, 0
L 50, 4070, 0, 50, 4130, 0, 127, 64, 0
L 30, 4100, 0, 50, 4070, 0, 127, 64, 0
L 10, 4070, 0, 30, 4100, 0, 127, 64, 0
L 10, 4130, 0, 10, 4070, 0, 127, 64, 0
L 70, 4100, 0, 100, 4100, 0, 127, 64, 0
L 70, 4130, 0, 100, 4130, 0, 127, 64, 0
L 70, 4070, 0, 70, 4130, 0, 127, 64, 0
L 100, 4070, 0, 70, 4070, 0, 127, 64, 0
L 130, 4130, 0, 130, 4070, 0, 127, 64, 0
L 140, 4130, 0, 120, 4130, 0, 127, 64, 0
L 150, 4100, 0, 140, 4130, 0, 127, 64, 0
L 140, 4070, 0, 150, 4100, 0, 127, 64, 0
L 120, 4070, 0, 140, 4070, 0, 127, 64, 0
L -70, 4190, 0, -100, 4190, 0, 0, 255, 0
L -70, 4160, 0, -70, 4190, 0, 0, 255, 0
L -100, 4160, 0, -70, 4160, 0, 0, 255, 0
L -100, 4220, 0, -100, 4160, 0, 0, 255, 0
L -40, 4190, 0, -20, 4190, 0, 0, 255, 0
L -30, 4160, 0, -10, 4220, 0, 0, 255, 0
L -50, 4220, 0, -30, 4160, 0, 0, 255, 0
L 10, 4160, 0, 10, 4190, 0, 0, 255, 0
L 10, 4190, 0, 10, 4220, 0, 0, 255, 0
L 10, 4190, 0, 30, 4190, 0, 0, 255, 0
L 50, 4190, 0, 50, 4160, 0, 0, 255, 0
L 10, 4160, 0, 50, 4160, 0, 0, 255, 0
L 30, 4190, 0, 50, 4190, 0, 0, 255, 0
L 50, 4220, 0, 30, 4190, 0, 0, 255, 0
L 100, 4220, 0, 70, 4220, 0, 0, 255, 0
L 70, 4160, 0, 100, 4160, 0, 0, 255, 0
L 70, 4220, 0, 70, 4160, 0, 0, 255, 0
L 120, 4190, 0, 150, 4190, 0, 0, 255, 0
L 120, 4220, 0, 150, 4220, 0, 0, 255, 0
L 120, 4160, 0, 120, 4220, 0, 0, 255, 0
L 150, 4160, 0, 120, 4160, 0, 0, 255, 0
L 170, 4160, 0, 170, 4220, 0, 0, 255, 0
L 210, 4220, 0, 170, 4220, 0, 0, 255, 0
L 230, 4160, 0, 230, 4190, 0, 0, 255, 0
L 230, 4220, 0, 270, 4220, 0, 0, 255, 0
L 270, 4190, 0, 230, 4190, 0, 0, 255, 0
L 230, 4160, 0, 270, 4160, 0, 0, 255, 0
L 270, 4190, 0, 270, 4220, 0, 0, 255, 0
L -100, 4250, 0, -100, 4280, 0, 0, 240, 240
L -100, 4280, 0, -100, 4310, 0, 0, 240, 240
L -100, 4280, 0, -80, 4280, 0, 0, 240, 240
L -60, 4280, 0, -60, 4250, 0, 0, 240, 240
L -100, 4250, 0, -60, 4250, 0, 0, 240, 240
L -80, 4280, 0, -60, 4280, 0, 0, 240, 240
L -60, 4310, 0, -80, 4280, 0, 0, 240, 240
L -30, 4280, 0, -10, 4280, 0, 0, 240, 240
L -20, 4250, 0, 0, 4310, 0, 0, 240, 240
L -40, 4310, 0, -20, 4250, 0, 0, 240, 240
L 20, 4250, 0, 20, 4310, 0, 0, 240, 240
L 50, 4310, 0, 50, 4250, 0, 0, 240, 240
L 60, 4310, 0, 40, 4310, 0, 0, 240, 240
L 70, 4280, 0, 60, 4310, 0, 0, 240, 240
L 60, 4250, 0, 70, 4280, 0, 0, 240, 240
L 40, 4250, 0, 60, 4250, 0, 0, 240, 240
L -100, 4340, 0, -100, 4370, 0, 0, 255, 0
L -100, 4400, 0, -60, 4400, 0, 0, 255, 0
L -60, 4370, 0, -100, 4370, 0, 0, 255, 0
L -100, 4340, 0, -60, 4340, 0, 0, 255, 0
L -60, 4370, 0, -60, 4400, 0, 0, 255, 0
L -10, 4370, 0, -40, 4370, 0, 0, 255, 0
L -10, 4340, 0, -10, 4370, 0, 0, 255, 0
L -40, 4340, 0, -10, 4340, 0, 0, 255, 0
L -40, 4400, 0, -40, 4340, 0, 0, 255, 0
L 10, 4370, 0, 40, 4370, 0, 0, 255, 0
L 10, 4400, 0, 40, 4400, 0, 0, 255, 0
L 10, 4340, 0, 10, 4400, 0, 0, 255, 0
L 40, 4340, 0, 10, 4340, 0, 0, 255, 0
L 90, 4400, 0, 60, 4400, 0, 0, 255, 0
L 60, 4340, 0, 90, 4340, 0, 0, 255, 0
L 60, 4400, 0, 60, 4340, 0, 0, 255, 0
L 110, 4340, 0, 110, 4400, 0, 0, 255, 0
L 140, 4370, 0, 160, 4370, 0, 0, 255, 0
L 150, 4340, 0, 170, 4400, 0, 0, 255, 0
L 130, 4400, 0, 150, 4340, 0, 0, 255, 0
L 190, 4340, 0, 190, 4400, 0, 0, 255, 0
L 230, 4400, 0, 190, 4400, 0, 0, 255, 0
L 340, 4400, 0, 310, 4400, 0, 0, 255, 0
L 310, 4340, 0, 340, 4340, 0, 0, 255, 0
L 310, 4400, 0, 310, 4340, 0, 0, 255, 0
L 400, 4340, 0, 400, 4400, 0, 0, 255, 0
L 360, 4340, 0, 360, 4400, 0, 0, 255, 0
L 360, 4400, 0, 400, 4400, 0, 0, 255, 0
L 420, 4340, 0, 420, 4370, 0, 0, 255, 0
L 420, 4370, 0, 420, 4400, 0, 0, 255, 0
L 420, 4370, 0, 440, 4370, 0, 0, 255, 0
L 460, 4370, 0, 460, 4340, 0, 0, 255, 0
L 420, 4340, 0, 460, 4340, 0, 0, 255, 0
L 440, 4370, 0, 460, 4370, 0, 0, 255, 0
L 460, 4400, 0, 440, 4370, 0, 0, 255, 0
L 480, 4340, 0, 480, 4370, 0, 0, 255, 0
L 480, 4370, 0, 480, 4400, 0, 0, 255, 0
L 480, 4370, 0, 500, 4370, 0, 0, 255, 0
L 520, 4370, 0, 520, 4340, 0, 0, 255, 0
L 480, 4340, 0, 520, 4340, 0, 0, 255, 0
L 500, 4370, 0, 520, 4370, 0, 0, 255, 0
L 520, 4400, 0, 500, 4370, 0, 0, 255, 0
L 540, 4370, 0, 570, 4370, 0, 0, 255, 0
L 540, 4400, 0, 570, 4400, 0, 0, 255, 0
L 540, 4340, 0, 540, 4400, 0, 0, 255, 0
L 570, 4340, 0, 540, 4340, 0, 0, 255, 0
L 620, 4400, 0, 620, 4340, 0, 0, 255, 0
L 590, 4340, 0, 620, 4400, 0, 0, 255, 0
L 590, 4400, 0, 590, 4340, 0, 0, 255, 0
L 670, 4400, 0, 640, 4400, 0, 0, 255, 0
L 640, 4340, 0, 670, 4340, 0, 0, 255, 0
L 640, 4400, 0, 640, 4340, 0, 0, 255, 0
L 710, 4370, 0, 710, 4400, 0, 0, 255, 0
L 710, 4370, 0, 730, 4340, 0, 0, 255, 0
L 690, 4340, 0, 710, 4370, 0, 0, 255, 0
L -100, 4430, 0, -100, 4460, 0, 255, 0, 0
L -100, 4490, 0, -60, 4490, 0, 255, 0, 0
L -60, 4460, 0, -100, 4460, 0, 255, 0, 0
L -100, 4430, 0, -60, 4430, 0, 255, 0, 0
L -60, 4460, 0, -60, 4490, 0, 255, 0, 0
L 0, 4430, 0, 0, 4490, 0, 255, 0, 0
L -40, 4430, 0, -40, 4490, 0, 255, 0, 0
L -40, 4490, 0, 0, 4490, 0, 255, 0, 0
L 50, 4490, 0, 20, 4490, 0, 255, 0, 0
L 20, 4430, 0, 50, 4430, 0, 255, 0, 0
L 20, 4490, 0, 20, 4430, 0, 255, 0, 0
L 100, 4490, 0, 70, 4490, 0, 255, 0, 0
L 70, 4430, 0, 100, 4430, 0, 255, 0, 0
L 70, 4490, 0, 70, 4430, 0, 255, 0, 0
L 120, 4430, 0, 150, 4430, 0, 255, 0, 0
L 120, 4490, 0, 150, 4490, 0, 255, 0, 0
L 120, 4430, 0, 120, 4490, 0, 255, 0, 0
L 150, 4430, 0, 150, 4490, 0, 255, 0, 0
L 170, 4430, 0, 170, 4460, 0, 255, 0, 0
L 170, 4460, 0, 170, 4490, 0, 255, 0, 0
L 170, 4460, 0, 190, 4460, 0, 255, 0, 0
L 210, 4460, 0, 210, 4430, 0, 255, 0, 0
L 170, 4430, 0, 210, 4430, 0, 255, 0, 0
L 190, 4460, 0, 210, 4460, 0, 255, 0, 0
L 210, 4490, 0, 190, 4460, 0, 255, 0, 0
L -80, 4520, 0, -80, 4580, 0, 255, 255, 0
L -100, 4520, 0, -60, 4520, 0, 255, 255, 0
L -40, 4550, 0, -10, 4550, 0, 255, 255, 0
L -40, 4580, 0, -10, 4580, 0, 255, 255, 0
L -40, 4520, 0, -40, 4580, 0, 255, 255, 0
L -10, 4520, 0, -40, 4520, 0, 255, 255, 0
L 10, 4520, 0, 10, 4580, 0, 255, 255, 0
L 50, 4580, 0, 10, 4580, 0, 255, 255, 0
L 70, 4550, 0, 100, 4550, 0, 255, 255, 0
L 70, 4580, 0, 100, 4580, 0, 255, 255, 0
L 70, 4520, 0, 70, 4580, 0, 255, 255, 0
L 100, 4520, 0, 70, 4520, 0, 255, 255, 0
L 150, 4550, 0, 120, 4550, 0, 255, 255, 0
L 150, 4520, 0, 150, 4550, 0, 255, 255, 0
L 120, 4520, 0, 150, 4520, 0, 255, 255, 0
L 120, 4580, 0, 120, 4520, 0, 255, 255, 0
L 170, 4520, 0, 200, 4520, 0, 255, 255, 0
L 170, 4580, 0, 200, 4580, 0, 255, 255, 0
L 170, 4520, 0, 170, 4580, 0, 255, 255, 0
L 200, 4520, 0, 200, 4580, 0, 255, 255, 0
L 220, 4520, 0, 220, 4550, 0, 255, 255, 0
L 220, 4550, 0, 220, 4580, 0, 255, 255, 0
L 220, 4550, 0, 240, 4550, 0, 255, 255, 0
L 260, 4550, 0, 260, 4520, 0, 255, 255, 0
L 220, 4520, 0, 260, 4520, 0, 255, 255, 0
L 240, 4550, 0, 260, 4550, 0, 255, 255, 0
L 260, 4580, 0, 240, 4550, 0, 255, 255, 0
L 300, 4520, 0, 300, 4580, 0, 255, 255, 0
L 280, 4520, 0, 320, 4520, 0, 255, 255, 0
L -80, 4610, 0, -80, 4670, 0, 128, 0, 128
L -100, 4610, 0, -60, 4610, 0, 128, 0, 128
L -40, 4610, 0, -40, 4640, 0, 128, 0, 128
L -40, 4640, 0, -40, 4670, 0, 128, 0, 128
L -40, 4640, 0, -20, 4640, 0, 128, 0, 128
L 0, 4640, 0, 0, 4610, 0, 128, 0, 128
L -40, 4610, 0, 0, 4610, 0, 128, 0, 128
L -20, 4640, 0, 0, 4640, 0, 128, 0, 128
L 0, 4670, 0, -20, 4640, 0, 128, 0, 128
L 30, 4640, 0, 50, 4640, 0, 128, 0, 128
L 40, 4610, 0, 60, 4670, 0, 128, 0, 128
L 20, 4670, 0, 40, 4610, 0, 128, 0, 128
L 90, 4670, 0, 90, 4610, 0, 128, 0, 128
L 100, 4670, 0, 80, 4670, 0, 128, 0, 128
L 110, 4640, 0, 100, 4670, 0, 128, 0, 128
L 100, 4610, 0, 110, 4640, 0, 128, 0, 128
L 80, 4610, 0, 100, 4610, 0, 128, 0, 128
L 130, 4640, 0, 160, 4640, 0, 128, 0, 128
L 130, 4670, 0, 160, 4670, 0, 128, 0, 128
L 130, 4610, 0, 130, 4670, 0, 128, 0, 128
L 160, 4610, 0, 130, 4610, 0, 128, 0, 128
L 180, 4610, 0, 180, 4640, 0, 128, 0, 128
L 180, 4670, 0, 220, 4670, 0, 128, 0, 128
L 220, 4640, 0, 180, 4640, 0, 128, 0, 128
L 180, 4610, 0, 220, 4610, 0, 128, 0, 128
L 220, 4640, 0, 220, 4670, 0, 128, 0, 128
L 240, 4610, 0, 240, 4640, 0, 128, 0, 128
L 240, 4640, 0, 240, 4670, 0, 128, 0, 128
L 240, 4640, 0, 280, 4670, 0, 128, 0, 128
L 240, 4640, 0, 280, 4610, 0, 128, 0, 128
L 300, 4610, 0, 300, 4670, 0, 128, 0, 128
L 320, 4610, 0, 320, 4670, 0, 128, 0, 128
L 360, 4670, 0, 320, 4670, 0, 128, 0, 128
L 380, 4610, 0, 380, 4670, 0, 128, 0, 128
L 420, 4670, 0, 380, 4670, 0, 128, 0, 128
L 530, 4670, 0, 500, 4670, 0, 128, 0, 128
L 500, 4610, 0, 530, 4610, 0, 128, 0, 128
L 500, 4670, 0, 500, 4610, 0, 128, 0, 128
L 550, 4610, 0, 580, 4610, 0, 128, 0, 128
L 550, 4670, 0, 580, 4670, 0, 128, 0, 128
L 550, 4610, 0, 550, 4670, 0, 128, 0, 128
L 580, 4610, 0, 580, 4670, 0, 128, 0, 128
L 630, 4670, 0, 630, 4610, 0, 128, 0, 128
L 600, 4610, 0, 630, 4670, 0, 128, 0, 128
L 600, 4670, 0, 600, 4610, 0, 128, 0, 128
L 670, 4610, 0, 670, 4670, 0, 128, 0, 128
L 650, 4610, 0, 690, 4610, 0, 128, 0, 128
L 720, 4640, 0, 740, 4640, 0, 128, 0, 128
L 730, 4610, 0, 750, 4670, 0, 128, 0, 128
L 710, 4670, 0, 730, 4610, 0, 128, 0, 128
L 770, 4610, 0, 770, 4670, 0, 128, 0, 128
L 820, 4670, 0, 820, 4610, 0, 128, 0, 128
L 790, 4610, 0, 820, 4670, 0, 128, 0, 128
L 790, 4670, 0, 790, 4610, 0, 128, 0, 128
L 840, 4640, 0, 870, 4640, 0, 128, 0, 128
L 840, 4670, 0, 870, 4670, 0, 128, 0, 128
L 840, 4610, 0, 840, 4670, 0, 128, 0, 128
L 870, 4610, 0, 840, 4610, 0, 128, 0, 128
L 890, 4610, 0, 890, 4640, 0, 128, 0, 128
L 890, 4640, 0, 890, 4670, 0, 128, 0, 128
L 890, 4640, 0, 910, 4640, 0, 128, 0, 128
L 930, 4640, 0, 930, 4610, 0, 128, 0, 128
L 890, 4610, 0, 930, 4610, 0, 128, 0, 128
L 910, 4640, 0, 930, 4640, 0, 128, 0, 128
L 930, 4670, 0, 910, 4640, 0, 128, 0, 128
L -80, 4700, 0, -80, 4760, 0, 255, 255, 0
L -100, 4700, 0, -60, 4700, 0, 255, 255, 0
L -40, 4700, 0, -40, 4730, 0, 255, 255, 0
L -40, 4730, 0, -40, 4760, 0, 255, 255, 0
L -40, 4730, 0, -20, 4730, 0, 255, 255, 0
L 0, 4730, 0, 0, 4700, 0, 255, 255, 0
L -40, 4700, 0, 0, 4700, 0, 255, 255, 0
L -20, 4730, 0, 0, 4730, 0, 255, 255, 0
L 0, 4760, 0, -20, 4730, 0, 255, 255, 0
L 30, 4730, 0, 50, 4730, 0, 255, 255, 0
L 40, 4700, 0, 60, 4760, 0, 255, 255, 0
L 20, 4760, 0, 40, 4700, 0, 255, 255, 0
L 110, 4730, 0, 80, 4730, 0, 255, 255, 0
L 110, 4700, 0, 110, 4730, 0, 255, 255, 0
L 80, 4700, 0, 110, 4700, 0, 255, 255, 0
L 80, 4760, 0, 80, 4700, 0, 255, 255, 0
L -70, 4790, 0, -100, 4790, 0, 255, 0, 0
L -100, 4850, 0, -70, 4790, 0, 255, 0, 0
L -100, 4850, 0, -70, 4850, 0, 255, 0, 0
L -50, 4790, 0, -20, 4790, 0, 255, 0, 0
L -50, 4850, 0, -20, 4850, 0, 255, 0, 0
L -50, 4790, 0, -50, 4850, 0, 255, 0, 0
L -20, 4790, 0, -20, 4850, 0, 255, 0, 0
L 30, 4850, 0, 30, 4790, 0, 255, 0, 0
L 0, 4790, 0, 30, 4850, 0, 255, 0, 0
L 0, 4850, 0, 0, 4790, 0, 255, 0, 0
L 50, 4820, 0, 80, 4820, 0, 255, 0, 0
L 50, 4850, 0, 80, 4850, 0, 255, 0, 0
L 50, 4790, 0, 50, 4850, 0, 255, 0, 0
L 80, 4790, 0, 50, 4790, 0, 255, 0, 0
P -1100, 3100, 0, 0, 0, 0, 2, Original_Map:_Brewall_Rainsiger_(Cazic-Thule)
P -1100, 3300, 0, 0, 0, 0, 2, Hunter_Locations:_Wadin_Pureheart
P -1100, 3500, 0, 0, 0, 0, 2, http://www.eqmaps.info
P -1100, 3700, 0, 0, 0, 0, 2, Return_of_the_Exiled_(www.roteguild.org)
P -1100, 3900, 0, 0, 0, 0, 2, A._Headhunter_mob_drop
P -1100, 4100, 0, 240, 240, 0, 2, B._Botanical_Bounty_ground_spawn
P -1100, 4300, 0, 240, 240, 240, 2, C._Soilsuppers_ground_spawn
P -1100, 4500, 0, 0, 0, 0, 2, D._Decorated_Driftwood_mob_drop
P -1100, 4700, 0, 127, 64, 0, 2, a_bluff_golem_PH=a_rocky_cliff_golem
P -1100, 4900, 0, 127, 64, 0, 2, a_grotesque_succulent_PH=a_sickly_succulent
P -1100, 5100, 0, 127, 64, 0, 2, a_Kar'Zok_lacerator_PH=a_Ferreth_procurator
P -1100, 5300, 0, 127, 64, 0, 2, a_majestic_cockatrice_PH=a_stoneglint_cockatrice
P -1100, 5500, 0, 127, 64, 0, 2, an_iron_sentinel_PH=a_rubble_golem
P -1100, 5700, 0, 127, 64, 0, 2, Arcron_Thaumaturge_Osellik_PH=an_arcron_thaumaturge
P -1100, 5900, 0, 127, 64, 0, 2, Banshee_PH=a_screeching_chokidai
P -1100, 6100, 0, 127, 64, 0, 2, Bloodstalker_PH=a_blood-stained_stalker
P -1100, 6300, 0, 127, 64, 0, 2, Drakis_PH=a_dreadful_scorpikis
P -1100, 6500, 0, 127, 64, 0, 2, Fang_PH=a_stonepeep_cockatrice
P -1100, 6700, 0, 127, 64, 0, 2, Flamescale_Overlord_Takarious_PH=a_Krellnakor_overlord
P -1100, 6900, 0, 127, 64, 0, 2, Janissary_Virzak_PH=a_Wulthan_Zealot
P -1100, 7100, 0, 127, 64, 0, 2, Myrmidon_Tundak_PH=a_Krellnakor_officer
P -1100, 7300, 0, 127, 64, 0, 2, Needle_PH=a_needle-covered_succulent
P -1100, 7500, 0, 127, 64, 0, 2, Observer_Eyrzekla_PH=a_mysterious_sarnak
P -1100, 7700, 0, 127, 64, 0, 2, Rigelon_the_Watcher_PH=a_shifty_scorpikis
P -1100, 7900, 0, 127, 64, 0, 2, Saber_PH=a_raging_rhino
