P 348.0000, 3201.0000, 181.0000,  240, 0, 0,  3,  to_Shadeweaver`s_Tangle
P -415.0000, 617.0000, -317.0000,  240, 0, 0,  2,  from_Ruins_of_Shadow_Haven
P -847.0000, 1773.0000, -251.0000,  240, 0, 0,  3,  to_Ruins_of_Shadow_Haven
P 142.0000, 308.0000, -63.0000,  240, 240, 0,  2,  Boulder_Door
P 1137.5016, 1274.6293, -181.0504,  240, 240, 0,  2,  Boulder_Door
P -674.2350, 288.7400, -300.0213,  240, 240, 240,  2,  ramp
P 347.0767, 1623.8782, -20.8821,  240, 240, 240,  2,  owlbear_camp
P -590.6418, 83.0362, -245.5275,  240, 240, 240,  2,  Recondite_Camp
P 1171.5330, 1295.4146, -179.7493,  0, 240, 240,  2,  Sharvyn_Oresinger_(Raid)
P 733.0000, 2298.0000, 24.0000,  0, 127, 127,  2,  Scout_Aliid_(Quests)
P 1140.9634, 1317.2074, -179.8826,  0, 127, 127,  2,  Diojb_Waksom_(Quests)
P -177.0000, 3141.0000, 181.0000,  0, 0, 0,  2,  Thach_Jerden
P -850.0000, 1649.0000, -250.0000,  0, 0, 0,  2,  Bellweather
P 1190.6592, 1305.4125, -181.3426,  0, 0, 0,  2,  Noppta_Mottun
P -626.7205, -1823.4922, 23.7012,  0, 0, 0,  2,  The_Neverending_Reischicyben
P 1189.4230, 1298.8213, -179.8545,  240, 240, 240,  2,  Daesorak_Steelknuckle`s_Grave
P 834.7225, 944.0707, -173.5169,  0, 0, 0,  2,  a_shik`nar_tunneler
P 419.0783, 474.9468, -179.8943,  127, 64, 0,  2,  Arly_Golyeck_(Hunter)
P 359.5686, 1056.7864, -231.8930,  127, 64, 0,  2,  Herachuel_(Hunter)
P -609.6830, -19.3374, -238.4909,  127, 64, 0,  2,  Merrimore_Ychansk_(Hunter)
P 28.6390, 2299.4109, 111.2898,  127, 64, 0,  2,  Vahlkamph_(Hunter)
P -146.8422, 2031.0817, 105.4594,  127, 64, 0,  2,  Vahlkamph_(Hunter)
P -643.7480, -1794.4889, 25.2993,  127, 64, 0,  2,  Toxiplax_(Hunter)
P -827.7719, 1383.3628, -285.6734,  127, 64, 0,  2,  Maricella_Slithra_(Hunter)
P -555.5255, 897.8777, -198.9407,  240, 240, 0,  1,  .
P -943.7119, 1335.3495, -278.7583,  240, 240, 0,  1,  .
P -77.0765, 1754.4037, -20.7278,  240, 240, 0,  1,  .
P -388.9058, 1713.9380, -18.1439,  240, 240, 0,  1,  .
P 405.5623, 503.6924, -175.4154,  240, 240, 240,  1,  .
P 382.2545, 877.0919, -229.8895,  240, 240, 240,  1,  .
P 517.8428, 913.7961, -230.4227,  240, 240, 240,  1,  .
P 174.5965, 220.7635, -62.2819,  240, 240, 240,  1,  .
P 296.0725, 209.4606, -44.2873,  240, 240, 240,  1,  .
P 489.6301, -633.4464, 58.6079,  240, 240, 240,  1,  .
P -553.9188, 731.9145, -198.0608,  240, 240, 0,  1,  .
P -1126.5370, 1275.6969, -216.4687,  240, 240, 0,  1,  .
P -164.1315, 2449.7693, 160.9213,  240, 240, 0,  1,  .
P 176.7097, 438.1270, -90.3870,  240, 240, 240,  1,  .
P -92.5771, 199.1977, -39.6054,  240, 240, 240,  1,  .