L 1000.0000, 0.0000, 0.0000,  1000.0000, -50.0000, 0.0000,  255, 0, 0
L -20.0000, 50.0000, 0.0000,  -50.0000, 20.0000, 0.0000,  255, 0, 0
L 50.0000, 20.0000, 0.0000,  20.0000, 50.0000, 0.0000,  255, 0, 0
L 20.0000, -50.0000, 0.0000,  50.0000, -20.0000, 0.0000,  255, 0, 0
L -50.0000, -20.0000, 0.0000,  -20.0000, -50.0000, 0.0000,  255, 0, 0
L -50.0000, 20.0000, 0.0000,  -50.0000, -20.0000, 0.0000,  255, 0, 0
L 20.0000, 50.0000, 0.0000,  -20.0000, 50.0000, 0.0000,  255, 0, 0
L 50.0000, -20.0000, 0.0000,  50.0000, 20.0000, 0.0000,  255, 0, 0
L -20.0000, -50.0000, 0.0000,  20.0000, -50.0000, 0.0000,  255, 0, 0
L 580.0000, -20.0000, 0.0000,  540.0000, -20.0000, 0.0000,  255, 0, 0
L 580.0000, -90.0000, 0.0000,  580.0000, -20.0000, 0.0000,  255, 0, 0
L 540.0000, -90.0000, 0.0000,  580.0000, -90.0000, 0.0000,  255, 0, 0
L 540.0000, -20.0000, 0.0000,  540.0000, -90.0000, 0.0000,  255, 0, 0
L 520.0000, -20.0000, 0.0000,  480.0000, -20.0000, 0.0000,  255, 0, 0
L 520.0000, -90.0000, 0.0000,  520.0000, -20.0000, 0.0000,  255, 0, 0
L 480.0000, -90.0000, 0.0000,  520.0000, -90.0000, 0.0000,  255, 0, 0
L 480.0000, -20.0000, 0.0000,  480.0000, -90.0000, 0.0000,  255, 0, 0
L 460.0000, -90.0000, 0.0000,  450.0000, -80.0000, 0.0000,  255, 0, 0
L 460.0000, -20.0000, 0.0000,  460.0000, -90.0000, 0.0000,  255, 0, 0
L 0.0000, -250.0000, 0.0000,  0.0000, 250.0000, 0.0000,  255, 0, 0
L -250.0000, 0.0000, 0.0000,  1000.0000, 0.0000, 0.0000,  255, 0, 0
L -120.0000, -80.0000, 0.0000,  -120.0000, -60.0000, 0.0000,  255, 0, 0
L -120.0000, -60.0000, 0.0000,  -120.0000, -40.0000, 0.0000,  255, 0, 0
L -100.0000, -60.0000, 0.0000,  -120.0000, -60.0000, 0.0000,  255, 0, 0
L -120.0000, -60.0000, 0.0000,  -140.0000, -60.0000, 0.0000,  255, 0, 0
L -90.0000, -50.0000, 0.0000,  -100.0000, -30.0000, 0.0000,  255, 0, 0
L -60.0000, -80.0000, 0.0000,  -60.0000, -60.0000, 0.0000,  255, 0, 0
L -60.0000, -60.0000, 0.0000,  -60.0000, -40.0000, 0.0000,  255, 0, 0
L -40.0000, -60.0000, 0.0000,  -60.0000, -60.0000, 0.0000,  255, 0, 0
L -60.0000, -60.0000, 0.0000,  -80.0000, -60.0000, 0.0000,  255, 0, 0
L 100.0000, 60.0000, 0.0000,  120.0000, 60.0000, 0.0000,  255, 0, 0
L 120.0000, 60.0000, 0.0000,  140.0000, 60.0000, 0.0000,  255, 0, 0
L 90.0000, 70.0000, 0.0000,  80.0000, 90.0000, 0.0000,  255, 0, 0
L 40.0000, 60.0000, 0.0000,  60.0000, 60.0000, 0.0000,  255, 0, 0
L 60.0000, 60.0000, 0.0000,  80.0000, 60.0000, 0.0000,  255, 0, 0
L -100.0000, 60.0000, 0.0000,  -120.0000, 60.0000, 0.0000,  255, 0, 0
L -120.0000, 60.0000, 0.0000,  -140.0000, 60.0000, 0.0000,  255, 0, 0
L -90.0000, 70.0000, 0.0000,  -100.0000, 90.0000, 0.0000,  255, 0, 0
L -60.0000, 80.0000, 0.0000,  -60.0000, 60.0000, 0.0000,  255, 0, 0
L -60.0000, 60.0000, 0.0000,  -60.0000, 40.0000, 0.0000,  255, 0, 0
L -40.0000, 60.0000, 0.0000,  -60.0000, 60.0000, 0.0000,  255, 0, 0
L -60.0000, 60.0000, 0.0000,  -80.0000, 60.0000, 0.0000,  255, 0, 0
L 100.0000, -60.0000, 0.0000,  120.0000, -60.0000, 0.0000,  255, 0, 0
L 120.0000, -60.0000, 0.0000,  140.0000, -60.0000, 0.0000,  255, 0, 0
L 90.0000, -50.0000, 0.0000,  80.0000, -30.0000, 0.0000,  255, 0, 0
L 60.0000, -80.0000, 0.0000,  60.0000, -60.0000, 0.0000,  255, 0, 0
L 60.0000, -60.0000, 0.0000,  60.0000, -40.0000, 0.0000,  255, 0, 0
L 40.0000, -60.0000, 0.0000,  60.0000, -60.0000, 0.0000,  255, 0, 0
L 60.0000, -60.0000, 0.0000,  80.0000, -60.0000, 0.0000,  255, 0, 0
L 599.0000, -90.0000, 0.0000,  637.2999, -90.0000, 0.0000,  255, 0, 0
L 599.0000, -20.0000, 0.0000,  637.2999, -20.0000, 0.0000,  255, 0, 0
L 599.0000, -90.0000, 0.0000,  599.0000, -20.0000, 0.0000,  255, 0, 0
L 637.2999, -90.0000, 0.0000,  637.2999, -20.0000, 0.0000,  255, 0, 0
L 700.0000, 2500.0000, 0.0000,  700.0000, 2560.0000, 0.0000,  0, 0, 0
L 740.0000, 2560.0000, 0.0000,  700.0000, 2560.0000, 0.0000,  0, 0, 0
L 760.0000, 2530.0000, 0.0000,  790.0000, 2530.0000, 0.0000,  0, 0, 0
L 760.0000, 2560.0000, 0.0000,  790.0000, 2560.0000, 0.0000,  0, 0, 0
L 760.0000, 2500.0000, 0.0000,  760.0000, 2560.0000, 0.0000,  0, 0, 0
L 790.0000, 2500.0000, 0.0000,  760.0000, 2500.0000, 0.0000,  0, 0, 0
L 840.0000, 2560.0000, 0.0000,  810.0000, 2560.0000, 0.0000,  0, 0, 0
L 810.0000, 2500.0000, 0.0000,  840.0000, 2500.0000, 0.0000,  0, 0, 0
L 810.0000, 2560.0000, 0.0000,  810.0000, 2500.0000, 0.0000,  0, 0, 0
L 840.0000, 2560.0000, 0.0000,  840.0000, 2530.0000, 0.0000,  0, 0, 0
L 840.0000, 2530.0000, 0.0000,  820.0000, 2530.0000, 0.0000,  0, 0, 0
L 860.0000, 2530.0000, 0.0000,  890.0000, 2530.0000, 0.0000,  0, 0, 0
L 860.0000, 2560.0000, 0.0000,  890.0000, 2560.0000, 0.0000,  0, 0, 0
L 860.0000, 2500.0000, 0.0000,  860.0000, 2560.0000, 0.0000,  0, 0, 0
L 890.0000, 2500.0000, 0.0000,  860.0000, 2500.0000, 0.0000,  0, 0, 0
L 940.0000, 2560.0000, 0.0000,  940.0000, 2500.0000, 0.0000,  0, 0, 0
L 910.0000, 2500.0000, 0.0000,  940.0000, 2560.0000, 0.0000,  0, 0, 0
L 910.0000, 2560.0000, 0.0000,  910.0000, 2500.0000, 0.0000,  0, 0, 0
L 970.0000, 2560.0000, 0.0000,  970.0000, 2500.0000, 0.0000,  0, 0, 0
L 980.0000, 2560.0000, 0.0000,  960.0000, 2560.0000, 0.0000,  0, 0, 0
L 990.0000, 2530.0000, 0.0000,  980.0000, 2560.0000, 0.0000,  0, 0, 0
L 980.0000, 2500.0000, 0.0000,  990.0000, 2530.0000, 0.0000,  0, 0, 0
L 960.0000, 2500.0000, 0.0000,  980.0000, 2500.0000, 0.0000,  0, 0, 0
L 700.0000, 2630.0000, 0.0000,  700.0000, 2660.0000, 0.0000,  255, 210, 0
L 700.0000, 2630.0000, 0.0000,  720.0000, 2630.0000, 0.0000,  255, 210, 0
L 720.0000, 2690.0000, 0.0000,  700.0000, 2690.0000, 0.0000,  255, 210, 0
L 700.0000, 2660.0000, 0.0000,  700.0000, 2690.0000, 0.0000,  255, 210, 0
L 720.0000, 2660.0000, 0.0000,  700.0000, 2660.0000, 0.0000,  255, 210, 0
L 720.0000, 2660.0000, 0.0000,  740.0000, 2645.0000, 0.0000,  255, 210, 0
L 720.0000, 2630.0000, 0.0000,  740.0000, 2645.0000, 0.0000,  255, 210, 0
L 720.0000, 2660.0000, 0.0000,  740.0000, 2675.0000, 0.0000,  255, 210, 0
L 740.0000, 2675.0000, 0.0000,  720.0000, 2690.0000, 0.0000,  255, 210, 0
L 770.0000, 2660.0000, 0.0000,  790.0000, 2660.0000, 0.0000,  255, 210, 0
L 780.0000, 2630.0000, 0.0000,  800.0000, 2690.0000, 0.0000,  255, 210, 0
L 760.0000, 2690.0000, 0.0000,  780.0000, 2630.0000, 0.0000,  255, 210, 0
L 850.0000, 2690.0000, 0.0000,  850.0000, 2630.0000, 0.0000,  255, 210, 0
L 820.0000, 2630.0000, 0.0000,  850.0000, 2690.0000, 0.0000,  255, 210, 0
L 820.0000, 2690.0000, 0.0000,  820.0000, 2630.0000, 0.0000,  255, 210, 0
L 870.0000, 2630.0000, 0.0000,  870.0000, 2660.0000, 0.0000,  255, 210, 0
L 870.0000, 2660.0000, 0.0000,  870.0000, 2690.0000, 0.0000,  255, 210, 0
L 870.0000, 2660.0000, 0.0000,  910.0000, 2690.0000, 0.0000,  255, 210, 0
L 870.0000, 2660.0000, 0.0000,  910.0000, 2630.0000, 0.0000,  255, 210, 0
L 930.0000, 2660.0000, 0.0000,  960.0000, 2660.0000, 0.0000,  255, 210, 0
L 930.0000, 2690.0000, 0.0000,  960.0000, 2690.0000, 0.0000,  255, 210, 0
L 930.0000, 2630.0000, 0.0000,  930.0000, 2690.0000, 0.0000,  255, 210, 0
L 960.0000, 2630.0000, 0.0000,  930.0000, 2630.0000, 0.0000,  255, 210, 0
L 980.0000, 2630.0000, 0.0000,  980.0000, 2660.0000, 0.0000,  255, 210, 0
L 980.0000, 2660.0000, 0.0000,  980.0000, 2690.0000, 0.0000,  255, 210, 0
L 980.0000, 2660.0000, 0.0000,  1000.0000, 2660.0000, 0.0000,  255, 210, 0
L 1020.0000, 2660.0000, 0.0000,  1020.0000, 2630.0000, 0.0000,  255, 210, 0
L 980.0000, 2630.0000, 0.0000,  1020.0000, 2630.0000, 0.0000,  255, 210, 0
L 1000.0000, 2660.0000, 0.0000,  1020.0000, 2660.0000, 0.0000,  255, 210, 0
L 1020.0000, 2690.0000, 0.0000,  1000.0000, 2660.0000, 0.0000,  255, 210, 0
L 730.0000, 2780.0000, 0.0000,  700.0000, 2780.0000, 0.0000,  255, 255, 255
L 700.0000, 2720.0000, 0.0000,  730.0000, 2720.0000, 0.0000,  255, 255, 255
L 700.0000, 2780.0000, 0.0000,  700.0000, 2720.0000, 0.0000,  255, 255, 255
L 750.0000, 2720.0000, 0.0000,  780.0000, 2720.0000, 0.0000,  255, 255, 255
L 750.0000, 2780.0000, 0.0000,  780.0000, 2780.0000, 0.0000,  255, 255, 255
L 750.0000, 2720.0000, 0.0000,  750.0000, 2780.0000, 0.0000,  255, 255, 255
L 780.0000, 2720.0000, 0.0000,  780.0000, 2780.0000, 0.0000,  255, 255, 255
L 840.0000, 2720.0000, 0.0000,  840.0000, 2780.0000, 0.0000,  255, 255, 255
L 820.0000, 2750.0000, 0.0000,  840.0000, 2720.0000, 0.0000,  255, 255, 255
L 800.0000, 2720.0000, 0.0000,  820.0000, 2750.0000, 0.0000,  255, 255, 255
L 800.0000, 2780.0000, 0.0000,  800.0000, 2720.0000, 0.0000,  255, 255, 255
L 900.0000, 2720.0000, 0.0000,  900.0000, 2780.0000, 0.0000,  255, 255, 255
L 880.0000, 2750.0000, 0.0000,  900.0000, 2720.0000, 0.0000,  255, 255, 255
L 860.0000, 2720.0000, 0.0000,  880.0000, 2750.0000, 0.0000,  255, 255, 255
L 860.0000, 2780.0000, 0.0000,  860.0000, 2720.0000, 0.0000,  255, 255, 255
L 920.0000, 2750.0000, 0.0000,  950.0000, 2750.0000, 0.0000,  255, 255, 255
L 920.0000, 2780.0000, 0.0000,  950.0000, 2780.0000, 0.0000,  255, 255, 255
L 920.0000, 2720.0000, 0.0000,  920.0000, 2780.0000, 0.0000,  255, 255, 255
L 950.0000, 2720.0000, 0.0000,  920.0000, 2720.0000, 0.0000,  255, 255, 255
L 1000.0000, 2780.0000, 0.0000,  1000.0000, 2720.0000, 0.0000,  255, 255, 255
L 970.0000, 2720.0000, 0.0000,  1000.0000, 2780.0000, 0.0000,  255, 255, 255
L 970.0000, 2780.0000, 0.0000,  970.0000, 2720.0000, 0.0000,  255, 255, 255
L 1040.0000, 2720.0000, 0.0000,  1040.0000, 2780.0000, 0.0000,  255, 255, 255
L 1020.0000, 2720.0000, 0.0000,  1060.0000, 2720.0000, 0.0000,  255, 255, 255
L 730.0000, 2870.0000, 0.0000,  700.0000, 2870.0000, 0.0000,  0, 0, 0
L 700.0000, 2810.0000, 0.0000,  730.0000, 2810.0000, 0.0000,  0, 0, 0
L 700.0000, 2870.0000, 0.0000,  700.0000, 2810.0000, 0.0000,  0, 0, 0
L 730.0000, 2870.0000, 0.0000,  730.0000, 2840.0000, 0.0000,  0, 0, 0
L 730.0000, 2840.0000, 0.0000,  710.0000, 2840.0000, 0.0000,  0, 0, 0
L 750.0000, 2840.0000, 0.0000,  780.0000, 2840.0000, 0.0000,  0, 0, 0
L 750.0000, 2870.0000, 0.0000,  780.0000, 2870.0000, 0.0000,  0, 0, 0
L 750.0000, 2810.0000, 0.0000,  750.0000, 2870.0000, 0.0000,  0, 0, 0
L 780.0000, 2810.0000, 0.0000,  750.0000, 2810.0000, 0.0000,  0, 0, 0
L 830.0000, 2870.0000, 0.0000,  830.0000, 2810.0000, 0.0000,  0, 0, 0
L 800.0000, 2810.0000, 0.0000,  830.0000, 2870.0000, 0.0000,  0, 0, 0
L 800.0000, 2870.0000, 0.0000,  800.0000, 2810.0000, 0.0000,  0, 0, 0
L 850.0000, 2840.0000, 0.0000,  880.0000, 2840.0000, 0.0000,  0, 0, 0
L 850.0000, 2870.0000, 0.0000,  880.0000, 2870.0000, 0.0000,  0, 0, 0
L 850.0000, 2810.0000, 0.0000,  850.0000, 2870.0000, 0.0000,  0, 0, 0
L 880.0000, 2810.0000, 0.0000,  850.0000, 2810.0000, 0.0000,  0, 0, 0
L 900.0000, 2810.0000, 0.0000,  900.0000, 2840.0000, 0.0000,  0, 0, 0
L 900.0000, 2840.0000, 0.0000,  900.0000, 2870.0000, 0.0000,  0, 0, 0
L 900.0000, 2840.0000, 0.0000,  920.0000, 2840.0000, 0.0000,  0, 0, 0
L 940.0000, 2840.0000, 0.0000,  940.0000, 2810.0000, 0.0000,  0, 0, 0
L 900.0000, 2810.0000, 0.0000,  940.0000, 2810.0000, 0.0000,  0, 0, 0
L 920.0000, 2840.0000, 0.0000,  940.0000, 2840.0000, 0.0000,  0, 0, 0
L 940.0000, 2870.0000, 0.0000,  920.0000, 2840.0000, 0.0000,  0, 0, 0
L 970.0000, 2840.0000, 0.0000,  990.0000, 2840.0000, 0.0000,  0, 0, 0
L 980.0000, 2810.0000, 0.0000,  1000.0000, 2870.0000, 0.0000,  0, 0, 0
L 960.0000, 2870.0000, 0.0000,  980.0000, 2810.0000, 0.0000,  0, 0, 0
L 1020.0000, 2810.0000, 0.0000,  1020.0000, 2870.0000, 0.0000,  0, 0, 0
L 1060.0000, 2870.0000, 0.0000,  1020.0000, 2870.0000, 0.0000,  0, 0, 0
L 730.0000, 2960.0000, 0.0000,  700.0000, 2960.0000, 0.0000,  0, 0, 255
L 700.0000, 2900.0000, 0.0000,  730.0000, 2900.0000, 0.0000,  0, 0, 255
L 700.0000, 2960.0000, 0.0000,  700.0000, 2900.0000, 0.0000,  0, 0, 255
L 730.0000, 2960.0000, 0.0000,  730.0000, 2930.0000, 0.0000,  0, 0, 255
L 730.0000, 2930.0000, 0.0000,  710.0000, 2930.0000, 0.0000,  0, 0, 255
L 750.0000, 2900.0000, 0.0000,  750.0000, 2930.0000, 0.0000,  0, 0, 255
L 750.0000, 2930.0000, 0.0000,  750.0000, 2960.0000, 0.0000,  0, 0, 255
L 750.0000, 2930.0000, 0.0000,  770.0000, 2930.0000, 0.0000,  0, 0, 255
L 790.0000, 2930.0000, 0.0000,  790.0000, 2900.0000, 0.0000,  0, 0, 255
L 750.0000, 2900.0000, 0.0000,  790.0000, 2900.0000, 0.0000,  0, 0, 255
L 770.0000, 2930.0000, 0.0000,  790.0000, 2930.0000, 0.0000,  0, 0, 255
L 790.0000, 2960.0000, 0.0000,  770.0000, 2930.0000, 0.0000,  0, 0, 255
L 810.0000, 2900.0000, 0.0000,  840.0000, 2900.0000, 0.0000,  0, 0, 255
L 810.0000, 2960.0000, 0.0000,  840.0000, 2960.0000, 0.0000,  0, 0, 255
L 810.0000, 2900.0000, 0.0000,  810.0000, 2960.0000, 0.0000,  0, 0, 255
L 840.0000, 2900.0000, 0.0000,  840.0000, 2960.0000, 0.0000,  0, 0, 255
L 900.0000, 2900.0000, 0.0000,  900.0000, 2960.0000, 0.0000,  0, 0, 255
L 860.0000, 2900.0000, 0.0000,  860.0000, 2960.0000, 0.0000,  0, 0, 255
L 860.0000, 2960.0000, 0.0000,  900.0000, 2960.0000, 0.0000,  0, 0, 255
L 950.0000, 2960.0000, 0.0000,  950.0000, 2900.0000, 0.0000,  0, 0, 255
L 920.0000, 2900.0000, 0.0000,  950.0000, 2960.0000, 0.0000,  0, 0, 255
L 920.0000, 2960.0000, 0.0000,  920.0000, 2900.0000, 0.0000,  0, 0, 255
L 980.0000, 2960.0000, 0.0000,  980.0000, 2900.0000, 0.0000,  0, 0, 255
L 990.0000, 2960.0000, 0.0000,  970.0000, 2960.0000, 0.0000,  0, 0, 255
L 1000.0000, 2930.0000, 0.0000,  990.0000, 2960.0000, 0.0000,  0, 0, 255
L 990.0000, 2900.0000, 0.0000,  1000.0000, 2930.0000, 0.0000,  0, 0, 255
L 970.0000, 2900.0000, 0.0000,  990.0000, 2900.0000, 0.0000,  0, 0, 255
L 1080.0000, 2900.0000, 0.0000,  1080.0000, 2930.0000, 0.0000,  0, 0, 255
L 1080.0000, 2960.0000, 0.0000,  1120.0000, 2960.0000, 0.0000,  0, 0, 255
L 1120.0000, 2930.0000, 0.0000,  1080.0000, 2930.0000, 0.0000,  0, 0, 255
L 1080.0000, 2900.0000, 0.0000,  1120.0000, 2900.0000, 0.0000,  0, 0, 255
L 1120.0000, 2930.0000, 0.0000,  1120.0000, 2960.0000, 0.0000,  0, 0, 255
L 1170.0000, 2930.0000, 0.0000,  1140.0000, 2930.0000, 0.0000,  0, 0, 255
L 1170.0000, 2900.0000, 0.0000,  1170.0000, 2930.0000, 0.0000,  0, 0, 255
L 1140.0000, 2900.0000, 0.0000,  1170.0000, 2900.0000, 0.0000,  0, 0, 255
L 1140.0000, 2960.0000, 0.0000,  1140.0000, 2900.0000, 0.0000,  0, 0, 255
L 1200.0000, 2930.0000, 0.0000,  1220.0000, 2930.0000, 0.0000,  0, 0, 255
L 1210.0000, 2900.0000, 0.0000,  1230.0000, 2960.0000, 0.0000,  0, 0, 255
L 1190.0000, 2960.0000, 0.0000,  1210.0000, 2900.0000, 0.0000,  0, 0, 255
L 1280.0000, 2960.0000, 0.0000,  1290.0000, 2900.0000, 0.0000,  0, 0, 255
L 1270.0000, 2930.0000, 0.0000,  1280.0000, 2960.0000, 0.0000,  0, 0, 255
L 1260.0000, 2960.0000, 0.0000,  1270.0000, 2930.0000, 0.0000,  0, 0, 255
L 1250.0000, 2900.0000, 0.0000,  1260.0000, 2960.0000, 0.0000,  0, 0, 255
L 1340.0000, 2960.0000, 0.0000,  1340.0000, 2900.0000, 0.0000,  0, 0, 255
L 1310.0000, 2900.0000, 0.0000,  1340.0000, 2960.0000, 0.0000,  0, 0, 255
L 1310.0000, 2960.0000, 0.0000,  1310.0000, 2900.0000, 0.0000,  0, 0, 255
L 730.0000, 3050.0000, 0.0000,  700.0000, 3050.0000, 0.0000,  128, 128, 128
L 700.0000, 2990.0000, 0.0000,  730.0000, 2990.0000, 0.0000,  128, 128, 128
L 700.0000, 3050.0000, 0.0000,  700.0000, 2990.0000, 0.0000,  128, 128, 128
L 730.0000, 3050.0000, 0.0000,  730.0000, 3020.0000, 0.0000,  128, 128, 128
L 730.0000, 3020.0000, 0.0000,  710.0000, 3020.0000, 0.0000,  128, 128, 128
L 790.0000, 2990.0000, 0.0000,  790.0000, 3050.0000, 0.0000,  128, 128, 128
L 750.0000, 2990.0000, 0.0000,  750.0000, 3050.0000, 0.0000,  128, 128, 128
L 750.0000, 3050.0000, 0.0000,  790.0000, 3050.0000, 0.0000,  128, 128, 128
L 810.0000, 2990.0000, 0.0000,  810.0000, 3050.0000, 0.0000,  128, 128, 128
L 830.0000, 2990.0000, 0.0000,  830.0000, 3050.0000, 0.0000,  128, 128, 128
L 870.0000, 3050.0000, 0.0000,  830.0000, 3050.0000, 0.0000,  128, 128, 128
L 900.0000, 3050.0000, 0.0000,  900.0000, 2990.0000, 0.0000,  128, 128, 128
L 910.0000, 3050.0000, 0.0000,  890.0000, 3050.0000, 0.0000,  128, 128, 128
L 920.0000, 3020.0000, 0.0000,  910.0000, 3050.0000, 0.0000,  128, 128, 128
L 910.0000, 2990.0000, 0.0000,  920.0000, 3020.0000, 0.0000,  128, 128, 128
L 890.0000, 2990.0000, 0.0000,  910.0000, 2990.0000, 0.0000,  128, 128, 128
L 1040.0000, 2990.0000, 0.0000,  1040.0000, 3050.0000, 0.0000,  128, 128, 128
L 1020.0000, 3020.0000, 0.0000,  1040.0000, 2990.0000, 0.0000,  128, 128, 128
L 1000.0000, 2990.0000, 0.0000,  1020.0000, 3020.0000, 0.0000,  128, 128, 128
L 1000.0000, 3050.0000, 0.0000,  1000.0000, 2990.0000, 0.0000,  128, 128, 128
L 1070.0000, 3020.0000, 0.0000,  1090.0000, 3020.0000, 0.0000,  128, 128, 128
L 1080.0000, 2990.0000, 0.0000,  1100.0000, 3050.0000, 0.0000,  128, 128, 128
L 1060.0000, 3050.0000, 0.0000,  1080.0000, 2990.0000, 0.0000,  128, 128, 128
L 1120.0000, 2990.0000, 0.0000,  1120.0000, 3020.0000, 0.0000,  128, 128, 128
L 1120.0000, 3050.0000, 0.0000,  1160.0000, 3050.0000, 0.0000,  128, 128, 128
L 1160.0000, 3020.0000, 0.0000,  1120.0000, 3020.0000, 0.0000,  128, 128, 128
L 1120.0000, 2990.0000, 0.0000,  1160.0000, 2990.0000, 0.0000,  128, 128, 128
L 1160.0000, 3020.0000, 0.0000,  1160.0000, 3050.0000, 0.0000,  128, 128, 128
L 1200.0000, 2990.0000, 0.0000,  1200.0000, 3050.0000, 0.0000,  128, 128, 128
L 1180.0000, 2990.0000, 0.0000,  1220.0000, 2990.0000, 0.0000,  128, 128, 128
L 1240.0000, 3020.0000, 0.0000,  1270.0000, 3020.0000, 0.0000,  128, 128, 128
L 1240.0000, 3050.0000, 0.0000,  1270.0000, 3050.0000, 0.0000,  128, 128, 128
L 1240.0000, 2990.0000, 0.0000,  1240.0000, 3050.0000, 0.0000,  128, 128, 128
L 1270.0000, 2990.0000, 0.0000,  1240.0000, 2990.0000, 0.0000,  128, 128, 128
L 1290.0000, 2990.0000, 0.0000,  1290.0000, 3020.0000, 0.0000,  128, 128, 128
L 1290.0000, 3020.0000, 0.0000,  1290.0000, 3050.0000, 0.0000,  128, 128, 128
L 1290.0000, 3020.0000, 0.0000,  1310.0000, 3020.0000, 0.0000,  128, 128, 128
L 1330.0000, 3020.0000, 0.0000,  1330.0000, 2990.0000, 0.0000,  128, 128, 128
L 1290.0000, 2990.0000, 0.0000,  1330.0000, 2990.0000, 0.0000,  128, 128, 128
L 1310.0000, 3020.0000, 0.0000,  1330.0000, 3020.0000, 0.0000,  128, 128, 128
L 1330.0000, 3050.0000, 0.0000,  1310.0000, 3020.0000, 0.0000,  128, 128, 128
L 700.0000, 3080.0000, 0.0000,  700.0000, 3110.0000, 0.0000,  127, 64, 0
L 740.0000, 3140.0000, 0.0000,  740.0000, 3110.0000, 0.0000,  127, 64, 0
L 700.0000, 3110.0000, 0.0000,  700.0000, 3140.0000, 0.0000,  127, 64, 0
L 740.0000, 3110.0000, 0.0000,  740.0000, 3080.0000, 0.0000,  127, 64, 0
L 700.0000, 3110.0000, 0.0000,  740.0000, 3110.0000, 0.0000,  127, 64, 0
L 800.0000, 3080.0000, 0.0000,  800.0000, 3140.0000, 0.0000,  127, 64, 0
L 760.0000, 3080.0000, 0.0000,  760.0000, 3140.0000, 0.0000,  127, 64, 0
L 760.0000, 3140.0000, 0.0000,  800.0000, 3140.0000, 0.0000,  127, 64, 0
L 850.0000, 3140.0000, 0.0000,  850.0000, 3080.0000, 0.0000,  127, 64, 0
L 820.0000, 3080.0000, 0.0000,  850.0000, 3140.0000, 0.0000,  127, 64, 0
L 820.0000, 3140.0000, 0.0000,  820.0000, 3080.0000, 0.0000,  127, 64, 0
L 890.0000, 3080.0000, 0.0000,  890.0000, 3140.0000, 0.0000,  127, 64, 0
L 870.0000, 3080.0000, 0.0000,  910.0000, 3080.0000, 0.0000,  127, 64, 0
L 930.0000, 3110.0000, 0.0000,  960.0000, 3110.0000, 0.0000,  127, 64, 0
L 930.0000, 3140.0000, 0.0000,  960.0000, 3140.0000, 0.0000,  127, 64, 0
L 930.0000, 3080.0000, 0.0000,  930.0000, 3140.0000, 0.0000,  127, 64, 0
L 960.0000, 3080.0000, 0.0000,  930.0000, 3080.0000, 0.0000,  127, 64, 0
L 980.0000, 3080.0000, 0.0000,  980.0000, 3110.0000, 0.0000,  127, 64, 0
L 980.0000, 3110.0000, 0.0000,  980.0000, 3140.0000, 0.0000,  127, 64, 0
L 980.0000, 3110.0000, 0.0000,  1000.0000, 3110.0000, 0.0000,  127, 64, 0
L 1020.0000, 3110.0000, 0.0000,  1020.0000, 3080.0000, 0.0000,  127, 64, 0
L 980.0000, 3080.0000, 0.0000,  1020.0000, 3080.0000, 0.0000,  127, 64, 0
L 1000.0000, 3110.0000, 0.0000,  1020.0000, 3110.0000, 0.0000,  127, 64, 0
L 1020.0000, 3140.0000, 0.0000,  1000.0000, 3110.0000, 0.0000,  127, 64, 0
L 740.0000, 3170.0000, 0.0000,  740.0000, 3230.0000, 0.0000,  0, 127, 0
L 720.0000, 3200.0000, 0.0000,  740.0000, 3170.0000, 0.0000,  0, 127, 0
L 700.0000, 3170.0000, 0.0000,  720.0000, 3200.0000, 0.0000,  0, 127, 0
L 700.0000, 3230.0000, 0.0000,  700.0000, 3170.0000, 0.0000,  0, 127, 0
L 760.0000, 3200.0000, 0.0000,  790.0000, 3200.0000, 0.0000,  0, 127, 0
L 760.0000, 3230.0000, 0.0000,  790.0000, 3230.0000, 0.0000,  0, 127, 0
L 760.0000, 3170.0000, 0.0000,  760.0000, 3230.0000, 0.0000,  0, 127, 0
L 790.0000, 3170.0000, 0.0000,  760.0000, 3170.0000, 0.0000,  0, 127, 0
L 810.0000, 3170.0000, 0.0000,  810.0000, 3200.0000, 0.0000,  0, 127, 0
L 810.0000, 3200.0000, 0.0000,  810.0000, 3230.0000, 0.0000,  0, 127, 0
L 810.0000, 3200.0000, 0.0000,  830.0000, 3200.0000, 0.0000,  0, 127, 0
L 850.0000, 3200.0000, 0.0000,  850.0000, 3170.0000, 0.0000,  0, 127, 0
L 810.0000, 3170.0000, 0.0000,  850.0000, 3170.0000, 0.0000,  0, 127, 0
L 830.0000, 3200.0000, 0.0000,  850.0000, 3200.0000, 0.0000,  0, 127, 0
L 850.0000, 3230.0000, 0.0000,  830.0000, 3200.0000, 0.0000,  0, 127, 0
L 900.0000, 3230.0000, 0.0000,  870.0000, 3230.0000, 0.0000,  0, 127, 0
L 870.0000, 3170.0000, 0.0000,  900.0000, 3170.0000, 0.0000,  0, 127, 0
L 870.0000, 3230.0000, 0.0000,  870.0000, 3170.0000, 0.0000,  0, 127, 0
L 920.0000, 3170.0000, 0.0000,  920.0000, 3200.0000, 0.0000,  0, 127, 0
L 960.0000, 3230.0000, 0.0000,  960.0000, 3200.0000, 0.0000,  0, 127, 0
L 920.0000, 3200.0000, 0.0000,  920.0000, 3230.0000, 0.0000,  0, 127, 0
L 960.0000, 3200.0000, 0.0000,  960.0000, 3170.0000, 0.0000,  0, 127, 0
L 920.0000, 3200.0000, 0.0000,  960.0000, 3200.0000, 0.0000,  0, 127, 0
L 990.0000, 3200.0000, 0.0000,  1010.0000, 3200.0000, 0.0000,  0, 127, 0
L 1000.0000, 3170.0000, 0.0000,  1020.0000, 3230.0000, 0.0000,  0, 127, 0
L 980.0000, 3230.0000, 0.0000,  1000.0000, 3170.0000, 0.0000,  0, 127, 0
L 1070.0000, 3230.0000, 0.0000,  1070.0000, 3170.0000, 0.0000,  0, 127, 0
L 1040.0000, 3170.0000, 0.0000,  1070.0000, 3230.0000, 0.0000,  0, 127, 0
L 1040.0000, 3230.0000, 0.0000,  1040.0000, 3170.0000, 0.0000,  0, 127, 0
L 1110.0000, 3170.0000, 0.0000,  1110.0000, 3230.0000, 0.0000,  0, 127, 0
L 1090.0000, 3170.0000, 0.0000,  1130.0000, 3170.0000, 0.0000,  0, 127, 0
L 740.0000, 3260.0000, 0.0000,  740.0000, 3320.0000, 0.0000,  0, 127, 127
L 720.0000, 3290.0000, 0.0000,  740.0000, 3260.0000, 0.0000,  0, 127, 127
L 700.0000, 3260.0000, 0.0000,  720.0000, 3290.0000, 0.0000,  0, 127, 127
L 700.0000, 3320.0000, 0.0000,  700.0000, 3260.0000, 0.0000,  0, 127, 127
L 760.0000, 3260.0000, 0.0000,  760.0000, 3320.0000, 0.0000,  0, 127, 127
L 780.0000, 3260.0000, 0.0000,  780.0000, 3290.0000, 0.0000,  0, 127, 127
L 780.0000, 3320.0000, 0.0000,  820.0000, 3320.0000, 0.0000,  0, 127, 127
L 820.0000, 3290.0000, 0.0000,  780.0000, 3290.0000, 0.0000,  0, 127, 127
L 780.0000, 3260.0000, 0.0000,  820.0000, 3260.0000, 0.0000,  0, 127, 127
L 820.0000, 3290.0000, 0.0000,  820.0000, 3320.0000, 0.0000,  0, 127, 127
L 840.0000, 3260.0000, 0.0000,  840.0000, 3290.0000, 0.0000,  0, 127, 127
L 840.0000, 3320.0000, 0.0000,  880.0000, 3320.0000, 0.0000,  0, 127, 127
L 880.0000, 3290.0000, 0.0000,  840.0000, 3290.0000, 0.0000,  0, 127, 127
L 840.0000, 3260.0000, 0.0000,  880.0000, 3260.0000, 0.0000,  0, 127, 127
L 880.0000, 3290.0000, 0.0000,  880.0000, 3320.0000, 0.0000,  0, 127, 127
L 900.0000, 3260.0000, 0.0000,  900.0000, 3320.0000, 0.0000,  0, 127, 127
L 920.0000, 3260.0000, 0.0000,  950.0000, 3260.0000, 0.0000,  0, 127, 127
L 920.0000, 3320.0000, 0.0000,  950.0000, 3320.0000, 0.0000,  0, 127, 127
L 920.0000, 3260.0000, 0.0000,  920.0000, 3320.0000, 0.0000,  0, 127, 127
L 950.0000, 3260.0000, 0.0000,  950.0000, 3320.0000, 0.0000,  0, 127, 127
L 1000.0000, 3320.0000, 0.0000,  1000.0000, 3260.0000, 0.0000,  0, 127, 127
L 970.0000, 3260.0000, 0.0000,  1000.0000, 3320.0000, 0.0000,  0, 127, 127
L 970.0000, 3320.0000, 0.0000,  970.0000, 3260.0000, 0.0000,  0, 127, 127
L 730.0000, 3410.0000, 0.0000,  730.0000, 3350.0000, 0.0000,  127, 64, 0
L 700.0000, 3350.0000, 0.0000,  730.0000, 3410.0000, 0.0000,  127, 64, 0
L 700.0000, 3410.0000, 0.0000,  700.0000, 3350.0000, 0.0000,  127, 64, 0
L 760.0000, 3380.0000, 0.0000,  780.0000, 3380.0000, 0.0000,  127, 64, 0
L 770.0000, 3350.0000, 0.0000,  790.0000, 3410.0000, 0.0000,  127, 64, 0
L 750.0000, 3410.0000, 0.0000,  770.0000, 3350.0000, 0.0000,  127, 64, 0
L 850.0000, 3350.0000, 0.0000,  850.0000, 3410.0000, 0.0000,  127, 64, 0
L 830.0000, 3380.0000, 0.0000,  850.0000, 3350.0000, 0.0000,  127, 64, 0
L 810.0000, 3350.0000, 0.0000,  830.0000, 3380.0000, 0.0000,  127, 64, 0
L 810.0000, 3410.0000, 0.0000,  810.0000, 3350.0000, 0.0000,  127, 64, 0
L 870.0000, 3380.0000, 0.0000,  900.0000, 3380.0000, 0.0000,  127, 64, 0
L 870.0000, 3410.0000, 0.0000,  900.0000, 3410.0000, 0.0000,  127, 64, 0
L 870.0000, 3350.0000, 0.0000,  870.0000, 3410.0000, 0.0000,  127, 64, 0
L 900.0000, 3350.0000, 0.0000,  870.0000, 3350.0000, 0.0000,  127, 64, 0
L 930.0000, 3410.0000, 0.0000,  930.0000, 3350.0000, 0.0000,  127, 64, 0
L 940.0000, 3410.0000, 0.0000,  920.0000, 3410.0000, 0.0000,  127, 64, 0
L 950.0000, 3380.0000, 0.0000,  940.0000, 3410.0000, 0.0000,  127, 64, 0
L 940.0000, 3350.0000, 0.0000,  950.0000, 3380.0000, 0.0000,  127, 64, 0
L 920.0000, 3350.0000, 0.0000,  940.0000, 3350.0000, 0.0000,  127, 64, 0
L 730.0000, 3470.0000, 0.0000,  700.0000, 3470.0000, 0.0000,  0, 255, 0
L 730.0000, 3440.0000, 0.0000,  730.0000, 3470.0000, 0.0000,  0, 255, 0
L 700.0000, 3440.0000, 0.0000,  730.0000, 3440.0000, 0.0000,  0, 255, 0
L 700.0000, 3500.0000, 0.0000,  700.0000, 3440.0000, 0.0000,  0, 255, 0
L 760.0000, 3470.0000, 0.0000,  780.0000, 3470.0000, 0.0000,  0, 255, 0
L 770.0000, 3440.0000, 0.0000,  790.0000, 3500.0000, 0.0000,  0, 255, 0
L 750.0000, 3500.0000, 0.0000,  770.0000, 3440.0000, 0.0000,  0, 255, 0
L 810.0000, 3440.0000, 0.0000,  810.0000, 3470.0000, 0.0000,  0, 255, 0
L 810.0000, 3470.0000, 0.0000,  810.0000, 3500.0000, 0.0000,  0, 255, 0
L 810.0000, 3470.0000, 0.0000,  830.0000, 3470.0000, 0.0000,  0, 255, 0
L 850.0000, 3470.0000, 0.0000,  850.0000, 3440.0000, 0.0000,  0, 255, 0
L 810.0000, 3440.0000, 0.0000,  850.0000, 3440.0000, 0.0000,  0, 255, 0
L 830.0000, 3470.0000, 0.0000,  850.0000, 3470.0000, 0.0000,  0, 255, 0
L 850.0000, 3500.0000, 0.0000,  830.0000, 3470.0000, 0.0000,  0, 255, 0
L 900.0000, 3500.0000, 0.0000,  870.0000, 3500.0000, 0.0000,  0, 255, 0
L 870.0000, 3440.0000, 0.0000,  900.0000, 3440.0000, 0.0000,  0, 255, 0
L 870.0000, 3500.0000, 0.0000,  870.0000, 3440.0000, 0.0000,  0, 255, 0
L 920.0000, 3470.0000, 0.0000,  950.0000, 3470.0000, 0.0000,  0, 255, 0
L 920.0000, 3500.0000, 0.0000,  950.0000, 3500.0000, 0.0000,  0, 255, 0
L 920.0000, 3440.0000, 0.0000,  920.0000, 3500.0000, 0.0000,  0, 255, 0
L 950.0000, 3440.0000, 0.0000,  920.0000, 3440.0000, 0.0000,  0, 255, 0
L 970.0000, 3440.0000, 0.0000,  970.0000, 3500.0000, 0.0000,  0, 255, 0
L 1010.0000, 3500.0000, 0.0000,  970.0000, 3500.0000, 0.0000,  0, 255, 0
L 1030.0000, 3440.0000, 0.0000,  1030.0000, 3470.0000, 0.0000,  0, 255, 0
L 1030.0000, 3500.0000, 0.0000,  1070.0000, 3500.0000, 0.0000,  0, 255, 0
L 1070.0000, 3470.0000, 0.0000,  1030.0000, 3470.0000, 0.0000,  0, 255, 0
L 1030.0000, 3440.0000, 0.0000,  1070.0000, 3440.0000, 0.0000,  0, 255, 0
L 1070.0000, 3470.0000, 0.0000,  1070.0000, 3500.0000, 0.0000,  0, 255, 0
L 700.0000, 3530.0000, 0.0000,  700.0000, 3560.0000, 0.0000,  0, 240, 240
L 700.0000, 3560.0000, 0.0000,  700.0000, 3590.0000, 0.0000,  0, 240, 240
L 700.0000, 3560.0000, 0.0000,  720.0000, 3560.0000, 0.0000,  0, 240, 240
L 740.0000, 3560.0000, 0.0000,  740.0000, 3530.0000, 0.0000,  0, 240, 240
L 700.0000, 3530.0000, 0.0000,  740.0000, 3530.0000, 0.0000,  0, 240, 240
L 720.0000, 3560.0000, 0.0000,  740.0000, 3560.0000, 0.0000,  0, 240, 240
L 740.0000, 3590.0000, 0.0000,  720.0000, 3560.0000, 0.0000,  0, 240, 240
L 770.0000, 3560.0000, 0.0000,  790.0000, 3560.0000, 0.0000,  0, 240, 240
L 780.0000, 3530.0000, 0.0000,  800.0000, 3590.0000, 0.0000,  0, 240, 240
L 760.0000, 3590.0000, 0.0000,  780.0000, 3530.0000, 0.0000,  0, 240, 240
L 820.0000, 3530.0000, 0.0000,  820.0000, 3590.0000, 0.0000,  0, 240, 240
L 850.0000, 3590.0000, 0.0000,  850.0000, 3530.0000, 0.0000,  0, 240, 240
L 860.0000, 3590.0000, 0.0000,  840.0000, 3590.0000, 0.0000,  0, 240, 240
L 870.0000, 3560.0000, 0.0000,  860.0000, 3590.0000, 0.0000,  0, 240, 240
L 860.0000, 3530.0000, 0.0000,  870.0000, 3560.0000, 0.0000,  0, 240, 240
L 840.0000, 3530.0000, 0.0000,  860.0000, 3530.0000, 0.0000,  0, 240, 240
L 700.0000, 3620.0000, 0.0000,  700.0000, 3650.0000, 0.0000,  0, 255, 0
L 700.0000, 3680.0000, 0.0000,  740.0000, 3680.0000, 0.0000,  0, 255, 0
L 740.0000, 3650.0000, 0.0000,  700.0000, 3650.0000, 0.0000,  0, 255, 0
L 700.0000, 3620.0000, 0.0000,  740.0000, 3620.0000, 0.0000,  0, 255, 0
L 740.0000, 3650.0000, 0.0000,  740.0000, 3680.0000, 0.0000,  0, 255, 0
L 790.0000, 3650.0000, 0.0000,  760.0000, 3650.0000, 0.0000,  0, 255, 0
L 790.0000, 3620.0000, 0.0000,  790.0000, 3650.0000, 0.0000,  0, 255, 0
L 760.0000, 3620.0000, 0.0000,  790.0000, 3620.0000, 0.0000,  0, 255, 0
L 760.0000, 3680.0000, 0.0000,  760.0000, 3620.0000, 0.0000,  0, 255, 0
L 810.0000, 3650.0000, 0.0000,  840.0000, 3650.0000, 0.0000,  0, 255, 0
L 810.0000, 3680.0000, 0.0000,  840.0000, 3680.0000, 0.0000,  0, 255, 0
L 810.0000, 3620.0000, 0.0000,  810.0000, 3680.0000, 0.0000,  0, 255, 0
L 840.0000, 3620.0000, 0.0000,  810.0000, 3620.0000, 0.0000,  0, 255, 0
L 890.0000, 3680.0000, 0.0000,  860.0000, 3680.0000, 0.0000,  0, 255, 0
L 860.0000, 3620.0000, 0.0000,  890.0000, 3620.0000, 0.0000,  0, 255, 0
L 860.0000, 3680.0000, 0.0000,  860.0000, 3620.0000, 0.0000,  0, 255, 0
L 910.0000, 3620.0000, 0.0000,  910.0000, 3680.0000, 0.0000,  0, 255, 0
L 940.0000, 3650.0000, 0.0000,  960.0000, 3650.0000, 0.0000,  0, 255, 0
L 950.0000, 3620.0000, 0.0000,  970.0000, 3680.0000, 0.0000,  0, 255, 0
L 930.0000, 3680.0000, 0.0000,  950.0000, 3620.0000, 0.0000,  0, 255, 0
L 990.0000, 3620.0000, 0.0000,  990.0000, 3680.0000, 0.0000,  0, 255, 0
L 1030.0000, 3680.0000, 0.0000,  990.0000, 3680.0000, 0.0000,  0, 255, 0
L 1140.0000, 3680.0000, 0.0000,  1110.0000, 3680.0000, 0.0000,  0, 255, 0
L 1110.0000, 3620.0000, 0.0000,  1140.0000, 3620.0000, 0.0000,  0, 255, 0
L 1110.0000, 3680.0000, 0.0000,  1110.0000, 3620.0000, 0.0000,  0, 255, 0
L 1200.0000, 3620.0000, 0.0000,  1200.0000, 3680.0000, 0.0000,  0, 255, 0
L 1160.0000, 3620.0000, 0.0000,  1160.0000, 3680.0000, 0.0000,  0, 255, 0
L 1160.0000, 3680.0000, 0.0000,  1200.0000, 3680.0000, 0.0000,  0, 255, 0
L 1220.0000, 3620.0000, 0.0000,  1220.0000, 3650.0000, 0.0000,  0, 255, 0
L 1220.0000, 3650.0000, 0.0000,  1220.0000, 3680.0000, 0.0000,  0, 255, 0
L 1220.0000, 3650.0000, 0.0000,  1240.0000, 3650.0000, 0.0000,  0, 255, 0
L 1260.0000, 3650.0000, 0.0000,  1260.0000, 3620.0000, 0.0000,  0, 255, 0
L 1220.0000, 3620.0000, 0.0000,  1260.0000, 3620.0000, 0.0000,  0, 255, 0
L 1240.0000, 3650.0000, 0.0000,  1260.0000, 3650.0000, 0.0000,  0, 255, 0
L 1260.0000, 3680.0000, 0.0000,  1240.0000, 3650.0000, 0.0000,  0, 255, 0
L 1280.0000, 3620.0000, 0.0000,  1280.0000, 3650.0000, 0.0000,  0, 255, 0
L 1280.0000, 3650.0000, 0.0000,  1280.0000, 3680.0000, 0.0000,  0, 255, 0
L 1280.0000, 3650.0000, 0.0000,  1300.0000, 3650.0000, 0.0000,  0, 255, 0
L 1320.0000, 3650.0000, 0.0000,  1320.0000, 3620.0000, 0.0000,  0, 255, 0
L 1280.0000, 3620.0000, 0.0000,  1320.0000, 3620.0000, 0.0000,  0, 255, 0
L 1300.0000, 3650.0000, 0.0000,  1320.0000, 3650.0000, 0.0000,  0, 255, 0
L 1320.0000, 3680.0000, 0.0000,  1300.0000, 3650.0000, 0.0000,  0, 255, 0
L 1340.0000, 3650.0000, 0.0000,  1370.0000, 3650.0000, 0.0000,  0, 255, 0
L 1340.0000, 3680.0000, 0.0000,  1370.0000, 3680.0000, 0.0000,  0, 255, 0
L 1340.0000, 3620.0000, 0.0000,  1340.0000, 3680.0000, 0.0000,  0, 255, 0
L 1370.0000, 3620.0000, 0.0000,  1340.0000, 3620.0000, 0.0000,  0, 255, 0
L 1420.0000, 3680.0000, 0.0000,  1420.0000, 3620.0000, 0.0000,  0, 255, 0
L 1390.0000, 3620.0000, 0.0000,  1420.0000, 3680.0000, 0.0000,  0, 255, 0
L 1390.0000, 3680.0000, 0.0000,  1390.0000, 3620.0000, 0.0000,  0, 255, 0
L 1470.0000, 3680.0000, 0.0000,  1440.0000, 3680.0000, 0.0000,  0, 255, 0
L 1440.0000, 3620.0000, 0.0000,  1470.0000, 3620.0000, 0.0000,  0, 255, 0
L 1440.0000, 3680.0000, 0.0000,  1440.0000, 3620.0000, 0.0000,  0, 255, 0
L 1510.0000, 3650.0000, 0.0000,  1510.0000, 3680.0000, 0.0000,  0, 255, 0
L 1510.0000, 3650.0000, 0.0000,  1530.0000, 3620.0000, 0.0000,  0, 255, 0
L 1490.0000, 3620.0000, 0.0000,  1510.0000, 3650.0000, 0.0000,  0, 255, 0
L 700.0000, 3710.0000, 0.0000,  700.0000, 3740.0000, 0.0000,  255, 0, 0
L 700.0000, 3770.0000, 0.0000,  740.0000, 3770.0000, 0.0000,  255, 0, 0
L 740.0000, 3740.0000, 0.0000,  700.0000, 3740.0000, 0.0000,  255, 0, 0
L 700.0000, 3710.0000, 0.0000,  740.0000, 3710.0000, 0.0000,  255, 0, 0
L 740.0000, 3740.0000, 0.0000,  740.0000, 3770.0000, 0.0000,  255, 0, 0
L 800.0000, 3710.0000, 0.0000,  800.0000, 3770.0000, 0.0000,  255, 0, 0
L 760.0000, 3710.0000, 0.0000,  760.0000, 3770.0000, 0.0000,  255, 0, 0
L 760.0000, 3770.0000, 0.0000,  800.0000, 3770.0000, 0.0000,  255, 0, 0
L 850.0000, 3770.0000, 0.0000,  820.0000, 3770.0000, 0.0000,  255, 0, 0
L 820.0000, 3710.0000, 0.0000,  850.0000, 3710.0000, 0.0000,  255, 0, 0
L 820.0000, 3770.0000, 0.0000,  820.0000, 3710.0000, 0.0000,  255, 0, 0
L 900.0000, 3770.0000, 0.0000,  870.0000, 3770.0000, 0.0000,  255, 0, 0
L 870.0000, 3710.0000, 0.0000,  900.0000, 3710.0000, 0.0000,  255, 0, 0
L 870.0000, 3770.0000, 0.0000,  870.0000, 3710.0000, 0.0000,  255, 0, 0
L 920.0000, 3710.0000, 0.0000,  950.0000, 3710.0000, 0.0000,  255, 0, 0
L 920.0000, 3770.0000, 0.0000,  950.0000, 3770.0000, 0.0000,  255, 0, 0
L 920.0000, 3710.0000, 0.0000,  920.0000, 3770.0000, 0.0000,  255, 0, 0
L 950.0000, 3710.0000, 0.0000,  950.0000, 3770.0000, 0.0000,  255, 0, 0
L 970.0000, 3710.0000, 0.0000,  970.0000, 3740.0000, 0.0000,  255, 0, 0
L 970.0000, 3740.0000, 0.0000,  970.0000, 3770.0000, 0.0000,  255, 0, 0
L 970.0000, 3740.0000, 0.0000,  990.0000, 3740.0000, 0.0000,  255, 0, 0
L 1010.0000, 3740.0000, 0.0000,  1010.0000, 3710.0000, 0.0000,  255, 0, 0
L 970.0000, 3710.0000, 0.0000,  1010.0000, 3710.0000, 0.0000,  255, 0, 0
L 990.0000, 3740.0000, 0.0000,  1010.0000, 3740.0000, 0.0000,  255, 0, 0
L 1010.0000, 3770.0000, 0.0000,  990.0000, 3740.0000, 0.0000,  255, 0, 0
L 720.0000, 3800.0000, 0.0000,  720.0000, 3860.0000, 0.0000,  255, 255, 0
L 700.0000, 3800.0000, 0.0000,  740.0000, 3800.0000, 0.0000,  255, 255, 0
L 760.0000, 3830.0000, 0.0000,  790.0000, 3830.0000, 0.0000,  255, 255, 0
L 760.0000, 3860.0000, 0.0000,  790.0000, 3860.0000, 0.0000,  255, 255, 0
L 760.0000, 3800.0000, 0.0000,  760.0000, 3860.0000, 0.0000,  255, 255, 0
L 790.0000, 3800.0000, 0.0000,  760.0000, 3800.0000, 0.0000,  255, 255, 0
L 810.0000, 3800.0000, 0.0000,  810.0000, 3860.0000, 0.0000,  255, 255, 0
L 850.0000, 3860.0000, 0.0000,  810.0000, 3860.0000, 0.0000,  255, 255, 0
L 870.0000, 3830.0000, 0.0000,  900.0000, 3830.0000, 0.0000,  255, 255, 0
L 870.0000, 3860.0000, 0.0000,  900.0000, 3860.0000, 0.0000,  255, 255, 0
L 870.0000, 3800.0000, 0.0000,  870.0000, 3860.0000, 0.0000,  255, 255, 0
L 900.0000, 3800.0000, 0.0000,  870.0000, 3800.0000, 0.0000,  255, 255, 0
L 950.0000, 3830.0000, 0.0000,  920.0000, 3830.0000, 0.0000,  255, 255, 0
L 950.0000, 3800.0000, 0.0000,  950.0000, 3830.0000, 0.0000,  255, 255, 0
L 920.0000, 3800.0000, 0.0000,  950.0000, 3800.0000, 0.0000,  255, 255, 0
L 920.0000, 3860.0000, 0.0000,  920.0000, 3800.0000, 0.0000,  255, 255, 0
L 970.0000, 3800.0000, 0.0000,  1000.0000, 3800.0000, 0.0000,  255, 255, 0
L 970.0000, 3860.0000, 0.0000,  1000.0000, 3860.0000, 0.0000,  255, 255, 0
L 970.0000, 3800.0000, 0.0000,  970.0000, 3860.0000, 0.0000,  255, 255, 0
L 1000.0000, 3800.0000, 0.0000,  1000.0000, 3860.0000, 0.0000,  255, 255, 0
L 1020.0000, 3800.0000, 0.0000,  1020.0000, 3830.0000, 0.0000,  255, 255, 0
L 1020.0000, 3830.0000, 0.0000,  1020.0000, 3860.0000, 0.0000,  255, 255, 0
L 1020.0000, 3830.0000, 0.0000,  1040.0000, 3830.0000, 0.0000,  255, 255, 0
L 1060.0000, 3830.0000, 0.0000,  1060.0000, 3800.0000, 0.0000,  255, 255, 0
L 1020.0000, 3800.0000, 0.0000,  1060.0000, 3800.0000, 0.0000,  255, 255, 0
L 1040.0000, 3830.0000, 0.0000,  1060.0000, 3830.0000, 0.0000,  255, 255, 0
L 1060.0000, 3860.0000, 0.0000,  1040.0000, 3830.0000, 0.0000,  255, 255, 0
L 1100.0000, 3800.0000, 0.0000,  1100.0000, 3860.0000, 0.0000,  255, 255, 0
L 1080.0000, 3800.0000, 0.0000,  1120.0000, 3800.0000, 0.0000,  255, 255, 0
L 720.0000, 3890.0000, 0.0000,  720.0000, 3950.0000, 0.0000,  128, 0, 128
L 700.0000, 3890.0000, 0.0000,  740.0000, 3890.0000, 0.0000,  128, 0, 128
L 760.0000, 3890.0000, 0.0000,  760.0000, 3920.0000, 0.0000,  128, 0, 128
L 760.0000, 3920.0000, 0.0000,  760.0000, 3950.0000, 0.0000,  128, 0, 128
L 760.0000, 3920.0000, 0.0000,  780.0000, 3920.0000, 0.0000,  128, 0, 128
L 800.0000, 3920.0000, 0.0000,  800.0000, 3890.0000, 0.0000,  128, 0, 128
L 760.0000, 3890.0000, 0.0000,  800.0000, 3890.0000, 0.0000,  128, 0, 128
L 780.0000, 3920.0000, 0.0000,  800.0000, 3920.0000, 0.0000,  128, 0, 128
L 800.0000, 3950.0000, 0.0000,  780.0000, 3920.0000, 0.0000,  128, 0, 128
L 830.0000, 3920.0000, 0.0000,  850.0000, 3920.0000, 0.0000,  128, 0, 128
L 840.0000, 3890.0000, 0.0000,  860.0000, 3950.0000, 0.0000,  128, 0, 128
L 820.0000, 3950.0000, 0.0000,  840.0000, 3890.0000, 0.0000,  128, 0, 128
L 890.0000, 3950.0000, 0.0000,  890.0000, 3890.0000, 0.0000,  128, 0, 128
L 900.0000, 3950.0000, 0.0000,  880.0000, 3950.0000, 0.0000,  128, 0, 128
L 910.0000, 3920.0000, 0.0000,  900.0000, 3950.0000, 0.0000,  128, 0, 128
L 900.0000, 3890.0000, 0.0000,  910.0000, 3920.0000, 0.0000,  128, 0, 128
L 880.0000, 3890.0000, 0.0000,  900.0000, 3890.0000, 0.0000,  128, 0, 128
L 930.0000, 3920.0000, 0.0000,  960.0000, 3920.0000, 0.0000,  128, 0, 128
L 930.0000, 3950.0000, 0.0000,  960.0000, 3950.0000, 0.0000,  128, 0, 128
L 930.0000, 3890.0000, 0.0000,  930.0000, 3950.0000, 0.0000,  128, 0, 128
L 960.0000, 3890.0000, 0.0000,  930.0000, 3890.0000, 0.0000,  128, 0, 128
L 980.0000, 3890.0000, 0.0000,  980.0000, 3920.0000, 0.0000,  128, 0, 128
L 980.0000, 3950.0000, 0.0000,  1020.0000, 3950.0000, 0.0000,  128, 0, 128
L 1020.0000, 3920.0000, 0.0000,  980.0000, 3920.0000, 0.0000,  128, 0, 128
L 980.0000, 3890.0000, 0.0000,  1020.0000, 3890.0000, 0.0000,  128, 0, 128
L 1020.0000, 3920.0000, 0.0000,  1020.0000, 3950.0000, 0.0000,  128, 0, 128
L 1040.0000, 3890.0000, 0.0000,  1040.0000, 3920.0000, 0.0000,  128, 0, 128
L 1040.0000, 3920.0000, 0.0000,  1040.0000, 3950.0000, 0.0000,  128, 0, 128
L 1040.0000, 3920.0000, 0.0000,  1080.0000, 3950.0000, 0.0000,  128, 0, 128
L 1040.0000, 3920.0000, 0.0000,  1080.0000, 3890.0000, 0.0000,  128, 0, 128
L 1100.0000, 3890.0000, 0.0000,  1100.0000, 3950.0000, 0.0000,  128, 0, 128
L 1120.0000, 3890.0000, 0.0000,  1120.0000, 3950.0000, 0.0000,  128, 0, 128
L 1160.0000, 3950.0000, 0.0000,  1120.0000, 3950.0000, 0.0000,  128, 0, 128
L 1180.0000, 3890.0000, 0.0000,  1180.0000, 3950.0000, 0.0000,  128, 0, 128
L 1220.0000, 3950.0000, 0.0000,  1180.0000, 3950.0000, 0.0000,  128, 0, 128
L 1330.0000, 3950.0000, 0.0000,  1300.0000, 3950.0000, 0.0000,  128, 0, 128
L 1300.0000, 3890.0000, 0.0000,  1330.0000, 3890.0000, 0.0000,  128, 0, 128
L 1300.0000, 3950.0000, 0.0000,  1300.0000, 3890.0000, 0.0000,  128, 0, 128
L 1350.0000, 3890.0000, 0.0000,  1380.0000, 3890.0000, 0.0000,  128, 0, 128
L 1350.0000, 3950.0000, 0.0000,  1380.0000, 3950.0000, 0.0000,  128, 0, 128
L 1350.0000, 3890.0000, 0.0000,  1350.0000, 3950.0000, 0.0000,  128, 0, 128
L 1380.0000, 3890.0000, 0.0000,  1380.0000, 3950.0000, 0.0000,  128, 0, 128
L 1430.0000, 3950.0000, 0.0000,  1430.0000, 3890.0000, 0.0000,  128, 0, 128
L 1400.0000, 3890.0000, 0.0000,  1430.0000, 3950.0000, 0.0000,  128, 0, 128
L 1400.0000, 3950.0000, 0.0000,  1400.0000, 3890.0000, 0.0000,  128, 0, 128
L 1470.0000, 3890.0000, 0.0000,  1470.0000, 3950.0000, 0.0000,  128, 0, 128
L 1450.0000, 3890.0000, 0.0000,  1490.0000, 3890.0000, 0.0000,  128, 0, 128
L 1520.0000, 3920.0000, 0.0000,  1540.0000, 3920.0000, 0.0000,  128, 0, 128
L 1530.0000, 3890.0000, 0.0000,  1550.0000, 3950.0000, 0.0000,  128, 0, 128
L 1510.0000, 3950.0000, 0.0000,  1530.0000, 3890.0000, 0.0000,  128, 0, 128
L 1570.0000, 3890.0000, 0.0000,  1570.0000, 3950.0000, 0.0000,  128, 0, 128
L 1620.0000, 3950.0000, 0.0000,  1620.0000, 3890.0000, 0.0000,  128, 0, 128
L 1590.0000, 3890.0000, 0.0000,  1620.0000, 3950.0000, 0.0000,  128, 0, 128
L 1590.0000, 3950.0000, 0.0000,  1590.0000, 3890.0000, 0.0000,  128, 0, 128
L 1640.0000, 3920.0000, 0.0000,  1670.0000, 3920.0000, 0.0000,  128, 0, 128
L 1640.0000, 3950.0000, 0.0000,  1670.0000, 3950.0000, 0.0000,  128, 0, 128
L 1640.0000, 3890.0000, 0.0000,  1640.0000, 3950.0000, 0.0000,  128, 0, 128
L 1670.0000, 3890.0000, 0.0000,  1640.0000, 3890.0000, 0.0000,  128, 0, 128
L 1690.0000, 3890.0000, 0.0000,  1690.0000, 3920.0000, 0.0000,  128, 0, 128
L 1690.0000, 3920.0000, 0.0000,  1690.0000, 3950.0000, 0.0000,  128, 0, 128
L 1690.0000, 3920.0000, 0.0000,  1710.0000, 3920.0000, 0.0000,  128, 0, 128
L 1730.0000, 3920.0000, 0.0000,  1730.0000, 3890.0000, 0.0000,  128, 0, 128
L 1690.0000, 3890.0000, 0.0000,  1730.0000, 3890.0000, 0.0000,  128, 0, 128
L 1710.0000, 3920.0000, 0.0000,  1730.0000, 3920.0000, 0.0000,  128, 0, 128
L 1730.0000, 3950.0000, 0.0000,  1710.0000, 3920.0000, 0.0000,  128, 0, 128
L 720.0000, 3980.0000, 0.0000,  720.0000, 4040.0000, 0.0000,  255, 255, 0
L 700.0000, 3980.0000, 0.0000,  740.0000, 3980.0000, 0.0000,  255, 255, 0
L 760.0000, 3980.0000, 0.0000,  760.0000, 4010.0000, 0.0000,  255, 255, 0
L 760.0000, 4010.0000, 0.0000,  760.0000, 4040.0000, 0.0000,  255, 255, 0
L 760.0000, 4010.0000, 0.0000,  780.0000, 4010.0000, 0.0000,  255, 255, 0
L 800.0000, 4010.0000, 0.0000,  800.0000, 3980.0000, 0.0000,  255, 255, 0
L 760.0000, 3980.0000, 0.0000,  800.0000, 3980.0000, 0.0000,  255, 255, 0
L 780.0000, 4010.0000, 0.0000,  800.0000, 4010.0000, 0.0000,  255, 255, 0
L 800.0000, 4040.0000, 0.0000,  780.0000, 4010.0000, 0.0000,  255, 255, 0
L 830.0000, 4010.0000, 0.0000,  850.0000, 4010.0000, 0.0000,  255, 255, 0
L 840.0000, 3980.0000, 0.0000,  860.0000, 4040.0000, 0.0000,  255, 255, 0
L 820.0000, 4040.0000, 0.0000,  840.0000, 3980.0000, 0.0000,  255, 255, 0
L 910.0000, 4010.0000, 0.0000,  880.0000, 4010.0000, 0.0000,  255, 255, 0
L 910.0000, 3980.0000, 0.0000,  910.0000, 4010.0000, 0.0000,  255, 255, 0
L 880.0000, 3980.0000, 0.0000,  910.0000, 3980.0000, 0.0000,  255, 255, 0
L 880.0000, 4040.0000, 0.0000,  880.0000, 3980.0000, 0.0000,  255, 255, 0
L 730.0000, 4070.0000, 0.0000,  700.0000, 4070.0000, 0.0000,  255, 0, 0
L 700.0000, 4130.0000, 0.0000,  730.0000, 4070.0000, 0.0000,  255, 0, 0
L 700.0000, 4130.0000, 0.0000,  730.0000, 4130.0000, 0.0000,  255, 0, 0
L 750.0000, 4070.0000, 0.0000,  780.0000, 4070.0000, 0.0000,  255, 0, 0
L 750.0000, 4130.0000, 0.0000,  780.0000, 4130.0000, 0.0000,  255, 0, 0
L 750.0000, 4070.0000, 0.0000,  750.0000, 4130.0000, 0.0000,  255, 0, 0
L 780.0000, 4070.0000, 0.0000,  780.0000, 4130.0000, 0.0000,  255, 0, 0
L 830.0000, 4130.0000, 0.0000,  830.0000, 4070.0000, 0.0000,  255, 0, 0
L 800.0000, 4070.0000, 0.0000,  830.0000, 4130.0000, 0.0000,  255, 0, 0
L 800.0000, 4130.0000, 0.0000,  800.0000, 4070.0000, 0.0000,  255, 0, 0
L 850.0000, 4100.0000, 0.0000,  880.0000, 4100.0000, 0.0000,  255, 0, 0
L 850.0000, 4130.0000, 0.0000,  880.0000, 4130.0000, 0.0000,  255, 0, 0
L 850.0000, 4070.0000, 0.0000,  850.0000, 4130.0000, 0.0000,  255, 0, 0
L 880.0000, 4070.0000, 0.0000,  850.0000, 4070.0000, 0.0000,  255, 0, 0
P -300.0000, 2500.0000, 0.0000,  0, 0, 0,  2,  Original_Map:_Brewall_Rainsiger_(Cazic-Thule)
P -300.0000, 2700.0000, 0.0000,  0, 0, 0,  2,  http://www.eqmaps.info
P -300.0000, 2900.0000, 0.0000,  0, 0, 0,  2,  Return_of_the_Exiled_(www.roteguild.org)
P -300.0000, 3100.0000, 0.0000,  127, 64, 0,  2,  Binpral_Rockfoot
P -300.0000, 3300.0000, 0.0000,  127, 64, 0,  2,  Bloodtribe_Agitator
P -300.0000, 3500.0000, 0.0000,  127, 64, 0,  2,  Bloodtribe_Ancient_Northwest_corner_of_zone
P -300.0000, 3700.0000, 0.0000,  127, 64, 0,  2,  Bloodtribe_Bonecollector_Northwest_corner_of_zone
P -300.0000, 3900.0000, 0.0000,  127, 64, 0,  2,  Bloodtribe_Prophet
P -300.0000, 4100.0000, 0.0000,  127, 64, 0,  2,  Bloodtribe_Seer
P -300.0000, 4300.0000, 0.0000,  127, 64, 0,  2,  Bloodtribe_Sneakster
P -300.0000, 4500.0000, 0.0000,  127, 64, 0,  2,  Bloodtribe_Surveyor
P -300.0000, 4700.0000, 0.0000,  127, 64, 0,  2,  Bloodtribe_Wiseman
P -300.0000, 4900.0000, 0.0000,  127, 64, 0,  2,  a_gigantic_sunflower
P -300.0000, 5100.0000, 0.0000,  127, 64, 0,  2,  a_grol_baku_benefactor
P -300.0000, 5300.0000, 0.0000,  127, 64, 0,  2,  a_grol_baku_bodyguard
P -300.0000, 5500.0000, 0.0000,  127, 64, 0,  2,  a_grol_baku_keeper
P -300.0000, 5700.0000, 0.0000,  127, 64, 0,  2,  a_grol_baku_retainer
P -300.0000, 5900.0000, 0.0000,  127, 64, 0,  2,  Killer_Vine
P -300.0000, 6100.0000, 0.0000,  127, 64, 0,  2,  Kraen_Flameweaver
P -300.0000, 6300.0000, 0.0000,  127, 64, 0,  2,  a_lightcrawler_drone
P -300.0000, 6500.0000, 0.0000,  127, 64, 0,  2,  a_lively_lightcrawler
P -300.0000, 6700.0000, 0.0000,  127, 64, 0,  2,  a_poisonous_sunflower_Just_West_of_plateau_and_SE_corner
P -300.0000, 6900.0000, 0.0000,  127, 64, 0,  2,  Possessed_Sun_Revenant
P -300.0000, 7100.0000, 0.0000,  127, 64, 0,  2,  a_prismatic_lightcrawler_Just_West_of_plateau_and_SE_corner
P -300.0000, 7300.0000, 0.0000,  127, 64, 0,  2,  Redanyt_Pwinlun
P -300.0000, 7500.0000, 0.0000,  127, 64, 0,  2,  Ruinous_Sun_Revenant_any_Sun_Revenant
P -300.0000, 7700.0000, 0.0000,  127, 64, 0,  2,  scarlet_cheetah_hunter
P -300.0000, 7900.0000, 0.0000,  127, 64, 0,  2,  scarlet_cheetah_huntress
P -300.0000, 8100.0000, 0.0000,  127, 64, 0,  2,  scarlet_cheetah_matriarch
P -300.0000, 8300.0000, 0.0000,  127, 64, 0,  2,  scarlet_cheetah_patriarch
P -300.0000, 8500.0000, 0.0000,  127, 64, 0,  2,  Sectoid_NW_corner
P -300.0000, 8700.0000, 0.0000,  127, 64, 0,  2,  a_sluggish_sunflower
P -300.0000, 8900.0000, 0.0000,  127, 64, 0,  2,  Sun_Revenant_Chancellor
P -300.0000, 9100.0000, 0.0000,  127, 64, 0,  2,  Sun_Revenant_Desecrator_any_Sun_Revenant
P -300.0000, 9300.0000, 0.0000,  127, 64, 0,  2,  Sun_Revenant_Magistrate
P -300.0000, 9500.0000, 0.0000,  127, 64, 0,  2,  Sun_Revenant_Primatus
P -300.0000, 9700.0000, 0.0000,  127, 64, 0,  2,  Sun_Revenant_Smiter_Just_East_of_plateau_and_plateau
P -300.0000, 9900.0000, 0.0000,  127, 64, 0,  2,  Sun_Revenant_Warlock
P -300.0000, 10100.0000, 0.0000,  127, 64, 0,  2,  Sunlord_Wedazi
P -300.0000, 10300.0000, 0.0000,  127, 64, 0,  2,  a_tainted_lightcrawler
P -300.0000, 10500.0000, 0.0000,  127, 64, 0,  2,  a_thorny_sunflower
P -300.0000, 10700.0000, 0.0000,  127, 64, 0,  2,  a_tro_jeg_adversary
P -300.0000, 10900.0000, 0.0000,  127, 64, 0,  2,  a_tro_jeg_aggressor_Just_South_of_plateau_area
P -300.0000, 11100.0000, 0.0000,  127, 64, 0,  2,  a_tro_jeg_assailant
P -300.0000, 11300.0000, 0.0000,  127, 64, 0,  2,  a_tro_jeg_captor
P -300.0000, 11500.0000, 0.0000,  127, 64, 0,  2,  a_tro_jeg_commander_Just_West_of_plateau_area
P -300.0000, 11700.0000, 0.0000,  127, 64, 0,  2,  a_tro_jeg_firekeeper_Plateau_and_East_of_plateau
P -300.0000, 11900.0000, 0.0000,  127, 64, 0,  2,  a_tro_jeg_heathen
P -300.0000, 12100.0000, 0.0000,  127, 64, 0,  2,  a_tro_jeg_heretic
P -300.0000, 12300.0000, 0.0000,  127, 64, 0,  2,  a_tro_jeg_hooligan
P -300.0000, 12500.0000, 0.0000,  127, 64, 0,  2,  a_vas_ren_archon
P -300.0000, 12700.0000, 0.0000,  127, 64, 0,  2,  a_vas_ren_bruiser
P -300.0000, 12900.0000, 0.0000,  127, 64, 0,  2,  a_vas_ren_champion
P -300.0000, 13100.0000, 0.0000,  127, 64, 0,  2,  a_vas_ren_fugitive_South_central_and_South_East
