P -65.0000, -3553.0000, -305.0000,  255, 0, 0,  3,  to_Paludal_Depths
P 2548.0000, -165.0000, -90.0000,  240, 0, 0,  3,  to_Shar_Val,_Divided
P -89.0000, -473.0000, -202.0000,  0, 127, 127,  2,  Terro_Kai_(Quests)
P 61.0000, -3468.0000, -305.0000,  0, 127, 127,  2,  Trent_Dapplesworth_III_(Quests)
P -541.0000, -4766.0000, -220.0000,  240, 0, 0,  3,  to_Firefall_Pass
P -1020.9189, -2739.2146, -218.1687,  240, 240, 240,  2,  Bandit_Camp
P -1904.6532, -2682.7002, -202.3959,  240, 240, 240,  2,  Bandit_Camp
P -1447.1167, -1111.3290, -186.5650,  240, 240, 240,  2,  Bandit_Camp
P -864.0486, -2404.4351, -156.5480,  240, 240, 240,  2,  Scorch_Camp
P -987.5269, -2533.2017, -188.1550,  240, 240, 240,  2,  Graveyard
P -641.7775, -3062.4490, -136.7111,  240, 240, 240,  2,  Painted_Elementals
P 271.5602, -1107.8252, -186.3285,  240, 240, 240,  2,  a_pouch_of_salt
P 1646.3573, -2431.3079, -163.0239,  240, 240, 240,  2,  a_pot_of_tree_sap
P 972.4796, 438.0728, -186.2471,  240, 240, 240,  2,  pile_of_rocks
P 42.1488, -2363.9629, -384.7428,  240, 240, 240,  2,  Terro_Isn't_Crazy
P -536.0000, -4614.0000, -206.0000,  0, 0, 0,  2,  Jynhadar
P 1546.9198, 5.4968, -180.3974,  0, 0, 0,  2,  Trainee_Arfie
P 1527.3644, -11.0533, -180.3981,  0, 0, 0,  2,  Trainer_Ahele
P 1496.1946, -26.8180, -180.3827,  127, 127, 127,  2,  Captain_Tarief_(GM_Rogue)
P 1502.7311, -9.4390, -180.4050,  0, 0, 0,  2,  Trainee_Cindey
P 1525.8130, 12.1161, -180.3978,  0, 0, 0,  2,  Trainee_Mari
P 1611.6841, 225.2430, -179.4266,  127, 127, 127,  2,  Captain_Alymon_(GM_Beastlord)
P 1629.2876, 205.6978, -179.4188,  0, 0, 0,  2,  Trainer_Ferdrin
P 1662.1775, 186.7626, -179.3352,  0, 0, 0,  2,  Trainee_Malen
P 1672.2737, 207.7842, -179.3913,  0, 0, 0,  2,  Trainee_Lio
P 1654.7211, 233.5443, -179.3564,  0, 0, 0,  2,  Trainee_Amone
P 1634.4651, 241.0928, -179.3470,  0, 0, 0,  2,  Trainee_Ada
P 1486.9904, 267.6168, -180.2534,  0, 0, 0,  2,  Trainer_Gorin
P 1504.4574, 292.2509, -179.6241,  0, 0, 0,  2,  Trainee_Camin
P 1510.3783, 310.0476, -179.5691,  0, 0, 0,  2,  Trainee_Ryxlon
P 1489.8615, 330.8842, -179.5716,  0, 0, 0,  2,  Trainee_Zela
P 1465.9446, 323.2036, -179.8891,  0, 0, 0,  2,  Trainee_Ronn
P 1457.7654, 319.2139, -180.0431,  127, 127, 127,  2,  Captain_Kaiden_(GM_Berserker)
P 1478.5818, 297.9221, -179.6025,  0, 0, 0,  2,  Trainer_Kylfa
P 1709.2942, -51.0721, -173.8984,  0, 0, 0,  2,  Dar_Khura_Kurinn
P 1641.4950, -257.4375, -172.4689,  0, 0, 0,  2,  Trainee_Loosa
P 1634.7178, -287.4468, -172.4689,  0, 0, 0,  2,  Trainee_Ferdo
P 1605.6526, -294.7975, -172.4689,  0, 0, 0,  2,  Trainee_Regine
P 1609.9004, -275.8672, -172.4689,  0, 0, 0,  2,  Trainer_Jolneg
P 1616.2975, -254.2413, -172.4689,  0, 0, 0,  2,  Trainer_Shekar
P 1624.8627, -235.9485, -172.4689,  0, 0, 0,  2,  Trainee_Ryds
P 1773.2482, -201.9295, -170.7703,  0, 127, 127,  2,  Krastoraab_Pureman_(Quests)
P 1773.8938, -475.2871, -171.9020,  255, 210, 0,  2,  Banker_Karra_Kai_(Banker)
P 1570.0818, -615.3041, -175.6960,  0, 0, 0,  2,  fire_dancer_Nik
P 1584.2466, -600.1304, -175.6888,  0, 0, 0,  2,  fire_dancerr_Savra
P 1587.6316, -580.8490, -175.6860,  0, 0, 0,  2,  fire_dancer_Nikka
P 1526.8462, -585.7047, -175.6256,  0, 0, 0,  2,  fire_dancer_Liora
P 1551.0508, -615.8998, -175.7020,  0, 0, 0,  2,  fire_dancer_Kiara
P 1535.1034, -605.9755, -175.7041,  0, 0, 0,  2,  fire_dancer_Davra
P 1588.9834, -663.5716, -175.7078,  127, 127, 127,  2,  Hymnist_Omiyad_(GM_Bard)
P 1551.5801, -702.4430, -175.7263,  0, 0, 0,  2,  Trainee_Maron
P 1560.8760, -727.2006, -175.7432,  0, 0, 0,  2,  Trainee_Collie
P 1577.9181, -737.5994, -175.7522,  0, 0, 0,  2,  Trainee_Cinlon
P 1604.0094, -698.1446, -175.7277,  0, 0, 0,  2,  Trainer_Shali
P 1556.3881, -675.2972, -175.7132,  0, 0, 0,  2,  Trainee_Alrey
P 1674.1924, -563.3525, -175.6839,  127, 127, 127,  2,  Spiritist_Karina_(GM_Shaman)
P 1694.9075, -574.1694, -175.6987,  0, 0, 0,  2,  Trainee_Amkeen
P 1711.2354, -599.6924, -175.7135,  0, 0, 0,  2,  Trainee_Myst
P 1690.3230, -626.8373, -175.7149,  0, 0, 0,  2,  Trainee_Cade
P 1656.1609, -601.5121, -175.6881,  0, 0, 0,  2,  Trainer_Kabrin
P 1709.2865, -623.9694, -175.7218,  0, 0, 0,  2,  Trainee_Emalyne
P 1568.8644, -898.2216, -181.6667,  0, 127, 0,  2,  Saren_Kaja_(Jewelcrafting)
P 1583.4789, -876.4471, -181.6667,  0, 127, 0,  2,  Tiamon_Aroo_(General)
P 104.2261, -1081.4706, -196.5909,  0, 127, 127,  2,  Ian_Naelev_(Quests)
P -1190.8726, 258.7109, -351.6058,  0, 0, 0,  2,  Zov_Liako
P -1128.9966, 258.6271, -352.2915,  0, 0, 0,  2,  Zov_Senshali
P -1108.6736, 412.7417, -343.0187,  0, 0, 0,  2,  Zun_Tetorau
P 1389.8074, -208.6358, -171.1794,  0, 0, 0,  2,  Sentry_Kedra_Kai
P -268.6924, -3337.3826, -223.3482,  127, 64, 0,  2,  Stoneclaw_Broodmother_(Hunter)
P 1558.7665, -3123.5911, -205.9418,  127, 64, 0,  2,  Thorn_Petal_(Hunter)
P -1013.8917, -2532.5955, -195.3636,  127, 64, 0,  2,  Scorched_Cackling_bones_(Hunter)
P -2093.4329, -144.5881, -99.6983,  127, 64, 0,  2,  Captain_Manx_(Hunter)
P -151.1546, 453.6312, -168.7693,  127, 64, 0,  2,  Sharp_Claw_(Hunter)
P -724.1962, -3144.9761, -161.8959,  127, 64, 0,  2,  Molten_Wildfire_(Hunter)
P -561.4075, -1685.6808, -351.9910,  127, 64, 0,  2,  Shak_Dathor_Overlord_(Hunter)
P -2038.2056, -150.7452, -100.0300,  127, 64, 0,  2,  Commander_Esline_(Hunter)
P -584.4380, -3066.8003, -119.3758,  127, 64, 0,  2,  Molten_Wildfire_(Hunter)
P 257.6004, -1172.1281, -191.1325,  240, 240, 240,  1,  .
P 1512.0907, -1415.3445, -182.0645,  240, 240, 240,  1,  .
P -2192.1104, -910.2932, -101.3817,  240, 240, 0,  1,  .
P -1618.1238, -893.1039, -207.8688,  240, 240, 0,  1,  .
P -2080.2383, -628.0677, -95.9199,  240, 240, 0,  1,  .
P -1430.9944, -1195.8433, -187.3165,  240, 240, 0,  1,  .
P 1210.8672, 374.3662, -200.3660,  240, 240, 240,  1,  .
P 328.4233, 105.9590, -176.7096,  240, 240, 240,  1,  .
P 739.8463, 162.0365, -191.9877,  240, 240, 240,  1,  .
P 1402.9933, -989.3311, -176.2173,  240, 240, 240,  1,  .
P 1542.0116, -1762.2665, -179.7117,  240, 240, 240,  1,  .
P -732.6443, 113.6788, -190.7645,  240, 240, 240,  1,  .
P -338.2150, 100.3070, -181.5765,  240, 240, 240,  1,  .
P -2016.2466, -474.5042, -117.4937,  240, 240, 0,  1,  .
P -942.5806, -2860.7227, -220.6489,  240, 240, 0,  1,  .
P -1037.6735, -2578.1023, -204.4799,  240, 240, 0,  1,  .
