P 300.0000, 1354.0000, -34.0000,  240, 0, 0,  3,  to_Paludal_Depths
P 708.4169, 153.2578, -159.6475,  240, 0, 0,  3,  to_Paludal_Depths_(one-way)
P 841.0000, -1313.0000, -113.0000,  240, 0, 0,  3,  to_Deepshade
P 469.0000, 786.0000, -33.0000,  240, 240, 0,  2,  Teleporter_1
P 471.0000, 766.0000, -33.0000,  255, 255, 0,  2,  Teleporter_2
P -950.0000, 625.0000, -60.0000,  240, 240, 0,  2,  Teleporter_1
P 855.0000, -615.0000, -91.0000,  240, 240, 0,  2,  Teleporter_2
P -974.0000, 612.0000, -60.0000,  240, 240, 240,  2,  The_Lost_Turnip
P 757.7726, -1239.1963, -102.7051,  240, 240, 0,  2,  Locked_Door_(Unpickable,_Requres_When_One_Door_Closes_Mission)
P 1089.6969, 222.7342, -29.5877,  240, 240, 240,  2,  Watch_for_something_unusual_update_spot
P 811.0000, -1341.0000, -111.0000,  0, 127, 127,  2,  Fripnoc_Birribit_(Quests)
P 669.0000, -594.0000, -91.0000,  0, 240, 240,  2,  Animist_Khalan_(Raid)
P 433.0000, 659.0000, -33.0000,  0, 127, 127,  2,  Aliane_SteelKnuckle_(Quests)
P 263.0000, 613.0000, -28.0000,  0, 0, 0,  2,  Zaores
P 331.0000, 715.0000, -28.0000,  0, 127, 0,  2,  Barkeep_Veronica_(Bar)
P 346.0000, 715.0000, -28.0000,  0, 127, 0,  2,  Barkeep_Prastice_(Bar)
P 252.0000, 719.0000, -28.0000,  0, 0, 0,  2,  Sir_Jarsonic
P 234.0000, 698.0000, -28.0000,  0, 0, 0,  2,  Sir_Heaviside
P 281.0000, 695.0000, -28.0000,  0, 0, 0,  2,  Sir_Michael
P 300.0000, 690.0000, -28.0000,  0, 0, 0,  2,  Sarron
P 330.0000, 703.0000, -28.0000,  0, 0, 0,  2,  Sir_Oron
P 237.0000, 572.0000, -28.0000,  0, 0, 0,  2,  Trade_Commissioner_Henry
P 236.0000, 544.0000, 19.0000,  0, 0, 0,  2,  Jacob_Thornblade_(Sandling`s_Casino)
P 232.0000, 652.0000, 19.0000,  255, 210, 0,  2,  Yeren_Ironback_(Banker)
P 367.0000, 732.0000, 19.0000,  0, 127, 0,  2,  Nayda_Winterwind_(Brewing)
P 380.0000, 719.0000, 19.0000,  0, 127, 0,  2,  Keiya_Oakwood_(Brewing)
P 736.0000, 625.0000, -30.0000,  127, 127, 127,  2,  Garon_Battlehand_(GM_Warrior)
P 558.0000, 554.0000, -39.0000,  0, 127, 127,  2,  Commander_Zaerel_(Quests)
P -747.3246, 1190.0033, -78.9379,  0, 0, 0,  2,  Coglixar_Xorlopodil
P -784.6230, 1193.6414, -82.5572,  0, 0, 0,  2,  Nolram_Gorlsan
P -838.8151, 1105.9988, -82.1980,  0, 0, 0,  2,  Chadasl_Dalsoeam
P -796.0142, 1199.3202, -70.5455,  0, 127, 0,  2,  Marchap_Biddnight_(Tinkering)
P -706.7226, 1092.1537, -70.5455,  0, 0, 0,  2,  Lolara
P -770.9604, 1088.1050, -70.5455,  0, 127, 0,  2,  Barmaid_Adelina_(Bar)
P -799.3041, 1097.4596, -70.5455,  0, 127, 0,  2,  Verte_(Bar)
P -799.4720, 1090.8383, -70.5455,  0, 127, 0,  2,  Talor_(Bar)
P -771.4276, 1104.9883, -70.5455,  0, 0, 0,  2,  Lareso_Runsalark
P -789.6553, 1108.9634, -70.5455,  0, 0, 0,  2,  Bouncer_Molas
P -801.9542, 1109.2621, -70.5455,  0, 0, 0,  2,  Lewena
P -710.3163, 1176.2632, -82.5572,  0, 0, 0,  2,  Podsian_Xasiani
P -708.5190, 1132.2106, -82.5572,  0, 0, 0,  2,  Tsueas_Eadajo
P -997.8371, 1173.5645, -79.8172,  0, 0, 0,  2,  Tiplo_the_Gardener
P -979.9026, 869.8893, -37.0315,  0, 127, 0,  2,  Eastring_Fashing_(Tailoring)
P -967.3566, 867.8127, -37.0315,  0, 127, 0,  2,  Volan_(Armor)
P -1052.4684, 783.9619, -34.9931,  0, 127, 0,  2,  Granger_Kenforth_(General)
P -1041.8549, 777.0582, -34.9931,  0, 127, 0,  2,  Eustace_Dakes_(Food)
P -1000.9134, 844.3422, -37.0315,  255, 210, 0,  2,  Banker_Tarson_(Bank)
P -965.6868, 809.9427, -37.0315,  0, 0, 0,  2,  Maththias
P -957.7433, 826.0129, -37.0315,  0, 127, 0,  2,  Rowl_Tanner_(Tailoring)
P -980.4019, 777.2300, -37.0315,  0, 127, 0,  2,  Nelm_the_Tiny_(Armor)
P -1034.7953, 888.2979, -37.0315,  0, 127, 0,  2,  Tabard_Redhand_(Boots)
P -1055.0652, 882.6865, -37.0315,  0, 127, 0,  2,  Nicoela_(Food)
P -1054.7394, 852.0793, -37.0315,  0, 127, 0,  2,  Kelly_Blackhand_(Smithing)
P -1055.0872, 861.1273, -37.0315,  0, 127, 0,  2,  Gann_Allonode_(Jewelery)
P -1057.0829, 838.8704, -37.0315,  0, 127, 0,  1,  Adinson_Allonode_(Jewelery)
P -1074.7632, 815.8292, -37.0315,  0, 127, 0,  2,  Walker_(Armor)
P -1045.2278, 800.8047, -37.0315,  0, 127, 0,  2,  Narsam_(Weapons)
P -1010.5046, 778.0266, -37.0315,  0, 127, 0,  2,  Akeral_(Baking)
P -1001.4543, 909.7724, -37.0315,  0, 127, 0,  2,  Narmase_Flecher_(Fletching)
P -1016.2458, 906.5273, -37.0315,  0, 127, 0,  2,  Tabart_Tailforth_(Fletching)
P -1208.3069, 855.2798, -60.4612,  255, 210, 0,  2,  Keeper_Geologo_(Banker)
P -1206.4867, 866.0961, -60.4612,  255, 210, 0,  2,  Keeper_Raldilikis_(Banker)
P -1177.8455, 758.9666, -60.4612,  0, 0, 0,  2,  Albarok
P -1179.9712, 774.5084, -60.4612,  0, 0, 0,  2,  Skilar_Hardbrick
P -1182.0857, 706.8054, -60.4612,  0, 0, 0,  2,  Nubert
P -1064.0695, 629.1890, -60.4429,  0, 127, 0,  2,  Talida_Furrytoes_(General)
P -1051.8805, 630.2917, -60.4463,  0, 127, 0,  2,  Toddor_Stalorok_(Armor)
P -1041.9153, 642.1749, -60.4612,  0, 127, 0,  2,  Melina_Stalorok_(Armor)
P -979.9518, 657.1268, -60.4612,  0, 0, 0,  2,  General_Dalinastalarix
P -991.9980, 602.9009, -60.3202,  0, 127, 0,  2,  Alorob_Bolrodo_(Vegetables)
P -825.9067, 585.1183, -37.3568,  0, 127, 0,  2,  Hardam_Stonegrinder_(Smithing)
P -829.0143, 614.9164, -37.3568,  0, 127, 0,  2,  Bronklad_Stoneshaper_(Smithing)
P 565.4501, -1201.6685, -50.5283,  0, 0, 0,  2,  Pieto_Guiccini
P 580.7463, -943.6797, -50.5283,  127, 127, 127,  2,  Mandark_Soulhealer_(GM_Paladin)
P 634.8541, -944.5778, -50.5283,  0, 0, 0,  2,  Healian_Saroelitan
P 632.4292, -880.8984, -50.5283,  127, 127, 127,  2,  Frinzel_Heartstinger_(GM_Rogue)
P 592.7686, -906.8201, -50.5283,  0, 127, 0,  2,  Eriska_Malosona_(General)
P -930.9578, 391.1770, -60.1588,  0, 0, 0,  2,  Lookout_Sereon
P -915.3495, 530.0966, -60.2780,  0, 0, 0,  2,  Lookout_Nelorin
P -1027.1272, 855.0507, -63.3735,  0, 0, 0,  2,  Ambassador_Dordak
P -1017.8896, 855.8138, -63.3735,  0, 0, 0,  1,  Ambassador_Balopombo
P -1008.9827, 855.9326, -63.3735,  0, 0, 0,  2,  Ambassador_Jerlopodix
P -990.1232, 828.1368, -63.3735,  0, 0, 0,  2,  Townsperson_Sarolix
P -988.1898, 817.8293, -63.3735,  0, 0, 0,  2,  Townsperson_Ranlanos
P -1027.1719, 801.0626, -63.3735,  0, 0, 0,  2,  Mother_Ilisial_Fordel
P -1045.1315, 818.7982, -63.3735,  0, 0, 0,  2,  Townsperson_Pirions
P -1044.1105, 836.6613, -63.3735,  0, 0, 0,  2,  Townsperson_Erinol
P -1009.0497, 801.1918, -63.3735,  0, 0, 0,  2,  Townsperson_Berolon
P -1018.5834, 829.3130, -60.2708,  0, 0, 0,  2,  Patriarch_Lardalon
P -947.2925, 983.6747, -65.0728,  0, 127, 0,  2,  Pilop_Stolarix_(Jewelry)
P -941.9484, 989.6238, -65.6272,  0, 127, 0,  2,  Izibat_(Robes)
P -1087.7616, 1005.3038, -67.7950,  0, 127, 0,  2,  Xerolop_Palostilad_(General)
P -1155.9917, 944.2194, -59.6628,  0, 127, 0,  2,  Tall_Joe_(Food)
P -1164.7173, 931.7728, -59.6628,  0, 127, 0,  2,  Ronlotar_Stumpshade_(Boots)
P -943.0737, 1045.1022, -65.0991,  0, 127, 0,  2,  Falina_Silinilak_(Satchels)
P -945.6130, 1050.9419, -65.0991,  0, 127, 0,  2,  Robbolo_Balashil_(Weapons)
P -1103.1825, 1081.5590, -81.5227,  0, 0, 0,  2,  Sinasi_Daleioa
P -1052.8440, 1119.8174, -81.5271,  0, 0, 0,  2,  Soulbinder_Nansin
P -1076.8367, 1120.6884, -81.5271,  0, 127, 0,  2,  Danlin_Hildreth_(Bar)
P -1044.3429, 1181.1543, -37.0621,  0, 0, 0,  2,  Easen
P -1103.2206, 1199.5088, -38.6844,  0, 127, 0,  2,  Innkeep_Alviva_(General)
P -1113.4585, 1202.1835, -38.6844,  0, 127, 0,  2,  Jostan_Karsnic_(Bar)
P -1086.2820, 1198.0293, -38.6844,  0, 127, 0,  2,  Innkeep_Zara_(General)
P -1147.3932, 1090.1945, -38.6844,  0, 0, 0,  2,  House_Watch_Dunvel
P -1101.0094, 1036.7748, -29.3730,  0, 0, 0,  2,  Sibyl
P -1107.7737, 1064.1924, -29.3730,  0, 0, 0,  2,  Daloran_Glimmerblade
P 730.2945, -1220.7212, -100.0209,  0, 240, 240,  2,  Animist_Soren_(Raids)
P 952.1108, -1103.5779, -102.7042,  127, 127, 127,  2,  Grandmaster_Haloriki_(GM_Monk)
P 938.4550, -1046.3661, -102.7051,  127, 127, 127,  2,  Loewnsaz_Waldalon_(GM_Magician)
P 874.3520, -943.1308, -50.8600,  0, 127, 0,  2,  Fitonas_Galaofon_(General)
P 874.8632, -880.8915, -50.8600,  0, 127, 0,  2,  Callowolf_MacFuller_(Alchemy)
P 932.3170, -904.9907, -50.8600,  0, 127, 0,  2,  Loensa_Esorlinal_(Apprentice)
P 929.5284, -918.5142, -50.8601,  0, 127, 0,  2,  Mark_Blotter_(Spells)
P 1034.1515, -1170.1211, -50.8603,  0, 127, 0,  2,  Steason_Alarenier_(Alchemy)
P 1061.2787, -1132.8241, -50.8602,  0, 0, 0,  2,  Beriol_Talorakoir
P 1061.6637, -1103.5873, -50.8602,  0, 127, 127,  2,  Record_Keeper_Ajar_(Quest)
P 1096.1897, -984.9672, -50.8601,  0, 0, 0,  2,  Rianna_Birchard
P 1107.8501, -1006.1085, -50.8601,  0, 127, 0,  2,  Adept_Tirisa_(Spells)
P 1183.7289, -1104.9657, -50.8602,  0, 127, 0,  2,  Goesl_Sealsonich_(Spells)
P 1148.6265, -1163.8151, -50.8602,  0, 127, 0,  2,  Desaliar_Ter`Fediskian_(Spells)
P 1135.0867, -1125.6432, -50.8602,  0, 127, 0,  2,  Ferius_Hollowbranch_(Spells)
P 1159.7146, -1132.8573, -50.8602,  0, 127, 0,  2,  Herol_Beaufodal_(Spells)
P 1160.1050, -1107.2643, -50.8602,  0, 127, 127,  2,  Tarson_Lonewolf_(Qeusts)
P 1134.4474, -1046.3805, -50.8601,  0, 127, 0,  2,  Daveiro_Fanormat_(Spells)
P 1109.5945, -1047.3086, -50.8601,  0, 127, 0,  2,  Kolburn_Inglewort_(Alchemy)
P 1160.6630, -1042.5037, -50.8601,  0, 127, 0,  2,  Teriesl_Windwalker_(Spells)
P 1159.7040, -1017.5710, -50.8601,  0, 127, 0,  2,  Ealerel_Tidebringer_(Spells)
P 1111.0840, -1124.9789, -50.8602,  127, 127, 127,  2,  Plow_Jumpinwolf_(GM_Druid)
P 1096.4413, -1155.0928, -50.8602,  0, 127, 0,  2,  Kenral_Siroisl_(Spells)
P 1128.8223, -1102.5569, -50.8602,  127, 127, 127,  2,  Palomidiar_Allakhaji_(GM_Enchanter)
P 504.3011, -1072.8982, -50.8600,  255, 210, 0,  2,  Banker_Pansak_(Banker)
P 499.8493, -1055.2654, -50.8600,  255, 210, 0,  2,  Fordel_Keeper_Faloensar_(Banker)
P 1081.9883, -1074.2897, -49.2927,  240, 240, 240,  2,  Commander_#1
P 992.1909, 14.9663, -30.3315,  240, 240, 240,  2,  Commander_#5
P 865.8918, -1107.2863, -98.2136,  240, 240, 240,  2,  Commander_#7
P 873.7502, -811.9517, -49.2784,  240, 240, 240,  2,  Commander_#2?
P 621.7982, -1079.0574, -49.2713,  240, 240, 240,  2,  Commander_#3
P 787.6613, -67.2408, -30.0242,  240, 240, 240,  2,  Commander_#4
P 1098.4994, 139.6040, -27.0224,  240, 240, 240,  2,  Commander_#6
P 1117.5293, 254.6446, -28.9614,  240, 240, 240,  2,  CY
P 1104.5601, 44.3275, -28.6157,  240, 240, 240,  1,  CY
P 915.5035, -68.3442, -32.2366,  240, 240, 240,  2,  CY
P 758.2074, -1223.9800, -101.1158,  240, 240, 240,  1,  CY
P 517.5239, -1075.5564, -49.2713,  240, 240, 240,  1,  CY
P 548.3113, -1135.4528, -50.8600,  0, 0, 0,  2,  Innkeep_Restoration
P 350.8079, 73.7170, -13.0713,  127, 64, 0,  2,  Velutipes_(Hunter)
P 940.4233, -22.2624, -61.0114,  127, 64, 0,  2,  Skitter_(Hunter)
P -240.0000, 203.0000, -60.0000,  127, 64, 0,  2,  Brute_(Hunter,Roam)
P 990.5289, 146.4068, 16.7593,  127, 64, 0,  2,  Flail_(Hunter)
P 682.5302, 445.5977, -24.2300,  127, 64, 0,  2,  Mace_(Hunter,Roam)
P 720.0000, -142.0000, -33.0000,  127, 64, 0,  2,  Skitter_(Hunter)
P 542.1487, 147.8893, -14.5452,  127, 64, 0,  2,  Stone_Chitin_(Hunter)
P 688.4788, -31.7290, -33.4459,  127, 64, 0,  2,  Stone_Chitin_(Hunter)
P -1137.7505, 28.6831, -58.2280,  127, 64, 0,  2,  Overgrowth_(Hunter)
P 338.8739, 33.4225, -17.5155,  127, 64, 0,  2,  Velutipes_(Hunter)
P 1036.3794, -78.4943, -56.6546,  127, 64, 0,  2,  Flail_(Hunter)
P 597.6460, -901.9101, -46.0279,  240, 240, 240,  1,  .
P 603.8870, -703.4979, -64.2199,  240, 240, 240,  1,  .
P 601.5944, -769.2089, -78.2083,  240, 240, 240,  1,  .
P 897.9537, -883.2629, -49.3421,  240, 240, 240,  1,  .
P 1074.4126, -1142.1511, -44.3553,  240, 240, 240,  1,  .
P 798.5840, 2.8121, -32.2532,  240, 240, 240,  1,  .
P 216.5669, 154.1254, -3.6370,  240, 240, 240,  1,  .
P -621.9662, 165.1694, -109.1711,  240, 240, 0,  1,  .
