L 1000.0000, 0.0000, 0.0000,  1000.0000, -50.0000, 0.0000,  255, 0, 0
L -20.0000, 50.0000, 0.0000,  -50.0000, 20.0000, 0.0000,  255, 0, 0
L 50.0000, 20.0000, 0.0000,  20.0000, 50.0000, 0.0000,  255, 0, 0
L 20.0000, -50.0000, 0.0000,  50.0000, -20.0000, 0.0000,  255, 0, 0
L -50.0000, -20.0000, 0.0000,  -20.0000, -50.0000, 0.0000,  255, 0, 0
L -50.0000, 20.0000, 0.0000,  -50.0000, -20.0000, 0.0000,  255, 0, 0
L 20.0000, 50.0000, 0.0000,  -20.0000, 50.0000, 0.0000,  255, 0, 0
L 50.0000, -20.0000, 0.0000,  50.0000, 20.0000, 0.0000,  255, 0, 0
L -20.0000, -50.0000, 0.0000,  20.0000, -50.0000, 0.0000,  255, 0, 0
L 580.0000, -20.0000, 0.0000,  540.0000, -20.0000, 0.0000,  255, 0, 0
L 580.0000, -90.0000, 0.0000,  580.0000, -20.0000, 0.0000,  255, 0, 0
L 540.0000, -90.0000, 0.0000,  580.0000, -90.0000, 0.0000,  255, 0, 0
L 540.0000, -20.0000, 0.0000,  540.0000, -90.0000, 0.0000,  255, 0, 0
L 520.0000, -20.0000, 0.0000,  480.0000, -20.0000, 0.0000,  255, 0, 0
L 520.0000, -90.0000, 0.0000,  520.0000, -20.0000, 0.0000,  255, 0, 0
L 480.0000, -90.0000, 0.0000,  520.0000, -90.0000, 0.0000,  255, 0, 0
L 480.0000, -20.0000, 0.0000,  480.0000, -90.0000, 0.0000,  255, 0, 0
L 460.0000, -90.0000, 0.0000,  450.0000, -80.0000, 0.0000,  255, 0, 0
L 460.0000, -20.0000, 0.0000,  460.0000, -90.0000, 0.0000,  255, 0, 0
L 0.0000, -250.0000, 0.0000,  0.0000, 250.0000, 0.0000,  255, 0, 0
L -250.0000, 0.0000, 0.0000,  1000.0000, 0.0000, 0.0000,  255, 0, 0
L -120.0000, -80.0000, 0.0000,  -120.0000, -60.0000, 0.0000,  255, 0, 0
L -120.0000, -60.0000, 0.0000,  -120.0000, -40.0000, 0.0000,  255, 0, 0
L -100.0000, -60.0000, 0.0000,  -120.0000, -60.0000, 0.0000,  255, 0, 0
L -120.0000, -60.0000, 0.0000,  -140.0000, -60.0000, 0.0000,  255, 0, 0
L -90.0000, -50.0000, 0.0000,  -100.0000, -30.0000, 0.0000,  255, 0, 0
L -60.0000, -80.0000, 0.0000,  -60.0000, -60.0000, 0.0000,  255, 0, 0
L -60.0000, -60.0000, 0.0000,  -60.0000, -40.0000, 0.0000,  255, 0, 0
L -40.0000, -60.0000, 0.0000,  -60.0000, -60.0000, 0.0000,  255, 0, 0
L -60.0000, -60.0000, 0.0000,  -80.0000, -60.0000, 0.0000,  255, 0, 0
L 100.0000, 60.0000, 0.0000,  120.0000, 60.0000, 0.0000,  255, 0, 0
L 120.0000, 60.0000, 0.0000,  140.0000, 60.0000, 0.0000,  255, 0, 0
L 90.0000, 70.0000, 0.0000,  80.0000, 90.0000, 0.0000,  255, 0, 0
L 40.0000, 60.0000, 0.0000,  60.0000, 60.0000, 0.0000,  255, 0, 0
L 60.0000, 60.0000, 0.0000,  80.0000, 60.0000, 0.0000,  255, 0, 0
L -100.0000, 60.0000, 0.0000,  -120.0000, 60.0000, 0.0000,  255, 0, 0
L -120.0000, 60.0000, 0.0000,  -140.0000, 60.0000, 0.0000,  255, 0, 0
L -90.0000, 70.0000, 0.0000,  -100.0000, 90.0000, 0.0000,  255, 0, 0
L -60.0000, 80.0000, 0.0000,  -60.0000, 60.0000, 0.0000,  255, 0, 0
L -60.0000, 60.0000, 0.0000,  -60.0000, 40.0000, 0.0000,  255, 0, 0
L -40.0000, 60.0000, 0.0000,  -60.0000, 60.0000, 0.0000,  255, 0, 0
L -60.0000, 60.0000, 0.0000,  -80.0000, 60.0000, 0.0000,  255, 0, 0
L 100.0000, -60.0000, 0.0000,  120.0000, -60.0000, 0.0000,  255, 0, 0
L 120.0000, -60.0000, 0.0000,  140.0000, -60.0000, 0.0000,  255, 0, 0
L 90.0000, -50.0000, 0.0000,  80.0000, -30.0000, 0.0000,  255, 0, 0
L 60.0000, -80.0000, 0.0000,  60.0000, -60.0000, 0.0000,  255, 0, 0
L 60.0000, -60.0000, 0.0000,  60.0000, -40.0000, 0.0000,  255, 0, 0
L 40.0000, -60.0000, 0.0000,  60.0000, -60.0000, 0.0000,  255, 0, 0
L 60.0000, -60.0000, 0.0000,  80.0000, -60.0000, 0.0000,  255, 0, 0
L 599.0000, -90.0000, 0.0000,  637.2999, -90.0000, 0.0000,  255, 0, 0
L 599.0000, -20.0000, 0.0000,  637.2999, -20.0000, 0.0000,  255, 0, 0
L 599.0000, -90.0000, 0.0000,  599.0000, -20.0000, 0.0000,  255, 0, 0
L 637.2999, -90.0000, 0.0000,  637.2999, -20.0000, 0.0000,  255, 0, 0
L -1000.0000, 13300.0000, 0.0000,  -1000.0000, 13360.0000, 0.0000,  0, 0, 0
L -960.0000, 13360.0000, 0.0000,  -1000.0000, 13360.0000, 0.0000,  0, 0, 0
L -940.0000, 13330.0000, 0.0000,  -910.0000, 13330.0000, 0.0000,  0, 0, 0
L -940.0000, 13360.0000, 0.0000,  -910.0000, 13360.0000, 0.0000,  0, 0, 0
L -940.0000, 13300.0000, 0.0000,  -940.0000, 13360.0000, 0.0000,  0, 0, 0
L -910.0000, 13300.0000, 0.0000,  -940.0000, 13300.0000, 0.0000,  0, 0, 0
L -860.0000, 13360.0000, 0.0000,  -890.0000, 13360.0000, 0.0000,  0, 0, 0
L -890.0000, 13300.0000, 0.0000,  -860.0000, 13300.0000, 0.0000,  0, 0, 0
L -890.0000, 13360.0000, 0.0000,  -890.0000, 13300.0000, 0.0000,  0, 0, 0
L -860.0000, 13360.0000, 0.0000,  -860.0000, 13330.0000, 0.0000,  0, 0, 0
L -860.0000, 13330.0000, 0.0000,  -880.0000, 13330.0000, 0.0000,  0, 0, 0
L -840.0000, 13330.0000, 0.0000,  -810.0000, 13330.0000, 0.0000,  0, 0, 0
L -840.0000, 13360.0000, 0.0000,  -810.0000, 13360.0000, 0.0000,  0, 0, 0
L -840.0000, 13300.0000, 0.0000,  -840.0000, 13360.0000, 0.0000,  0, 0, 0
L -810.0000, 13300.0000, 0.0000,  -840.0000, 13300.0000, 0.0000,  0, 0, 0
L -760.0000, 13360.0000, 0.0000,  -760.0000, 13300.0000, 0.0000,  0, 0, 0
L -790.0000, 13300.0000, 0.0000,  -760.0000, 13360.0000, 0.0000,  0, 0, 0
L -790.0000, 13360.0000, 0.0000,  -790.0000, 13300.0000, 0.0000,  0, 0, 0
L -730.0000, 13360.0000, 0.0000,  -730.0000, 13300.0000, 0.0000,  0, 0, 0
L -720.0000, 13360.0000, 0.0000,  -740.0000, 13360.0000, 0.0000,  0, 0, 0
L -710.0000, 13330.0000, 0.0000,  -720.0000, 13360.0000, 0.0000,  0, 0, 0
L -720.0000, 13300.0000, 0.0000,  -710.0000, 13330.0000, 0.0000,  0, 0, 0
L -740.0000, 13300.0000, 0.0000,  -720.0000, 13300.0000, 0.0000,  0, 0, 0
L -1000.0000, 13430.0000, 0.0000,  -1000.0000, 13460.0000, 0.0000,  255, 210, 0
L -1000.0000, 13430.0000, 0.0000,  -980.0000, 13430.0000, 0.0000,  255, 210, 0
L -980.0000, 13490.0000, 0.0000,  -1000.0000, 13490.0000, 0.0000,  255, 210, 0
L -1000.0000, 13460.0000, 0.0000,  -1000.0000, 13490.0000, 0.0000,  255, 210, 0
L -980.0000, 13460.0000, 0.0000,  -1000.0000, 13460.0000, 0.0000,  255, 210, 0
L -980.0000, 13460.0000, 0.0000,  -960.0000, 13445.0000, 0.0000,  255, 210, 0
L -980.0000, 13430.0000, 0.0000,  -960.0000, 13445.0000, 0.0000,  255, 210, 0
L -980.0000, 13460.0000, 0.0000,  -960.0000, 13475.0000, 0.0000,  255, 210, 0
L -960.0000, 13475.0000, 0.0000,  -980.0000, 13490.0000, 0.0000,  255, 210, 0
L -930.0000, 13460.0000, 0.0000,  -910.0000, 13460.0000, 0.0000,  255, 210, 0
L -920.0000, 13430.0000, 0.0000,  -900.0000, 13490.0000, 0.0000,  255, 210, 0
L -940.0000, 13490.0000, 0.0000,  -920.0000, 13430.0000, 0.0000,  255, 210, 0
L -850.0000, 13490.0000, 0.0000,  -850.0000, 13430.0000, 0.0000,  255, 210, 0
L -880.0000, 13430.0000, 0.0000,  -850.0000, 13490.0000, 0.0000,  255, 210, 0
L -880.0000, 13490.0000, 0.0000,  -880.0000, 13430.0000, 0.0000,  255, 210, 0
L -830.0000, 13430.0000, 0.0000,  -830.0000, 13460.0000, 0.0000,  255, 210, 0
L -830.0000, 13460.0000, 0.0000,  -830.0000, 13490.0000, 0.0000,  255, 210, 0
L -830.0000, 13460.0000, 0.0000,  -790.0000, 13490.0000, 0.0000,  255, 210, 0
L -830.0000, 13460.0000, 0.0000,  -790.0000, 13430.0000, 0.0000,  255, 210, 0
L -770.0000, 13460.0000, 0.0000,  -740.0000, 13460.0000, 0.0000,  255, 210, 0
L -770.0000, 13490.0000, 0.0000,  -740.0000, 13490.0000, 0.0000,  255, 210, 0
L -770.0000, 13430.0000, 0.0000,  -770.0000, 13490.0000, 0.0000,  255, 210, 0
L -740.0000, 13430.0000, 0.0000,  -770.0000, 13430.0000, 0.0000,  255, 210, 0
L -720.0000, 13430.0000, 0.0000,  -720.0000, 13460.0000, 0.0000,  255, 210, 0
L -720.0000, 13460.0000, 0.0000,  -720.0000, 13490.0000, 0.0000,  255, 210, 0
L -720.0000, 13460.0000, 0.0000,  -700.0000, 13460.0000, 0.0000,  255, 210, 0
L -680.0000, 13460.0000, 0.0000,  -680.0000, 13430.0000, 0.0000,  255, 210, 0
L -720.0000, 13430.0000, 0.0000,  -680.0000, 13430.0000, 0.0000,  255, 210, 0
L -700.0000, 13460.0000, 0.0000,  -680.0000, 13460.0000, 0.0000,  255, 210, 0
L -680.0000, 13490.0000, 0.0000,  -700.0000, 13460.0000, 0.0000,  255, 210, 0
L -970.0000, 13580.0000, 0.0000,  -1000.0000, 13580.0000, 0.0000,  255, 255, 255
L -1000.0000, 13520.0000, 0.0000,  -970.0000, 13520.0000, 0.0000,  255, 255, 255
L -1000.0000, 13580.0000, 0.0000,  -1000.0000, 13520.0000, 0.0000,  255, 255, 255
L -950.0000, 13520.0000, 0.0000,  -920.0000, 13520.0000, 0.0000,  255, 255, 255
L -950.0000, 13580.0000, 0.0000,  -920.0000, 13580.0000, 0.0000,  255, 255, 255
L -950.0000, 13520.0000, 0.0000,  -950.0000, 13580.0000, 0.0000,  255, 255, 255
L -920.0000, 13520.0000, 0.0000,  -920.0000, 13580.0000, 0.0000,  255, 255, 255
L -860.0000, 13520.0000, 0.0000,  -860.0000, 13580.0000, 0.0000,  255, 255, 255
L -880.0000, 13550.0000, 0.0000,  -860.0000, 13520.0000, 0.0000,  255, 255, 255
L -900.0000, 13520.0000, 0.0000,  -880.0000, 13550.0000, 0.0000,  255, 255, 255
L -900.0000, 13580.0000, 0.0000,  -900.0000, 13520.0000, 0.0000,  255, 255, 255
L -800.0000, 13520.0000, 0.0000,  -800.0000, 13580.0000, 0.0000,  255, 255, 255
L -820.0000, 13550.0000, 0.0000,  -800.0000, 13520.0000, 0.0000,  255, 255, 255
L -840.0000, 13520.0000, 0.0000,  -820.0000, 13550.0000, 0.0000,  255, 255, 255
L -840.0000, 13580.0000, 0.0000,  -840.0000, 13520.0000, 0.0000,  255, 255, 255
L -780.0000, 13550.0000, 0.0000,  -750.0000, 13550.0000, 0.0000,  255, 255, 255
L -780.0000, 13580.0000, 0.0000,  -750.0000, 13580.0000, 0.0000,  255, 255, 255
L -780.0000, 13520.0000, 0.0000,  -780.0000, 13580.0000, 0.0000,  255, 255, 255
L -750.0000, 13520.0000, 0.0000,  -780.0000, 13520.0000, 0.0000,  255, 255, 255
L -700.0000, 13580.0000, 0.0000,  -700.0000, 13520.0000, 0.0000,  255, 255, 255
L -730.0000, 13520.0000, 0.0000,  -700.0000, 13580.0000, 0.0000,  255, 255, 255
L -730.0000, 13580.0000, 0.0000,  -730.0000, 13520.0000, 0.0000,  255, 255, 255
L -660.0000, 13520.0000, 0.0000,  -660.0000, 13580.0000, 0.0000,  255, 255, 255
L -680.0000, 13520.0000, 0.0000,  -640.0000, 13520.0000, 0.0000,  255, 255, 255
L -970.0000, 13670.0000, 0.0000,  -1000.0000, 13670.0000, 0.0000,  0, 0, 0
L -1000.0000, 13610.0000, 0.0000,  -970.0000, 13610.0000, 0.0000,  0, 0, 0
L -1000.0000, 13670.0000, 0.0000,  -1000.0000, 13610.0000, 0.0000,  0, 0, 0
L -970.0000, 13670.0000, 0.0000,  -970.0000, 13640.0000, 0.0000,  0, 0, 0
L -970.0000, 13640.0000, 0.0000,  -990.0000, 13640.0000, 0.0000,  0, 0, 0
L -950.0000, 13640.0000, 0.0000,  -920.0000, 13640.0000, 0.0000,  0, 0, 0
L -950.0000, 13670.0000, 0.0000,  -920.0000, 13670.0000, 0.0000,  0, 0, 0
L -950.0000, 13610.0000, 0.0000,  -950.0000, 13670.0000, 0.0000,  0, 0, 0
L -920.0000, 13610.0000, 0.0000,  -950.0000, 13610.0000, 0.0000,  0, 0, 0
L -870.0000, 13670.0000, 0.0000,  -870.0000, 13610.0000, 0.0000,  0, 0, 0
L -900.0000, 13610.0000, 0.0000,  -870.0000, 13670.0000, 0.0000,  0, 0, 0
L -900.0000, 13670.0000, 0.0000,  -900.0000, 13610.0000, 0.0000,  0, 0, 0
L -850.0000, 13640.0000, 0.0000,  -820.0000, 13640.0000, 0.0000,  0, 0, 0
L -850.0000, 13670.0000, 0.0000,  -820.0000, 13670.0000, 0.0000,  0, 0, 0
L -850.0000, 13610.0000, 0.0000,  -850.0000, 13670.0000, 0.0000,  0, 0, 0
L -820.0000, 13610.0000, 0.0000,  -850.0000, 13610.0000, 0.0000,  0, 0, 0
L -800.0000, 13610.0000, 0.0000,  -800.0000, 13640.0000, 0.0000,  0, 0, 0
L -800.0000, 13640.0000, 0.0000,  -800.0000, 13670.0000, 0.0000,  0, 0, 0
L -800.0000, 13640.0000, 0.0000,  -780.0000, 13640.0000, 0.0000,  0, 0, 0
L -760.0000, 13640.0000, 0.0000,  -760.0000, 13610.0000, 0.0000,  0, 0, 0
L -800.0000, 13610.0000, 0.0000,  -760.0000, 13610.0000, 0.0000,  0, 0, 0
L -780.0000, 13640.0000, 0.0000,  -760.0000, 13640.0000, 0.0000,  0, 0, 0
L -760.0000, 13670.0000, 0.0000,  -780.0000, 13640.0000, 0.0000,  0, 0, 0
L -730.0000, 13640.0000, 0.0000,  -710.0000, 13640.0000, 0.0000,  0, 0, 0
L -720.0000, 13610.0000, 0.0000,  -700.0000, 13670.0000, 0.0000,  0, 0, 0
L -740.0000, 13670.0000, 0.0000,  -720.0000, 13610.0000, 0.0000,  0, 0, 0
L -680.0000, 13610.0000, 0.0000,  -680.0000, 13670.0000, 0.0000,  0, 0, 0
L -640.0000, 13670.0000, 0.0000,  -680.0000, 13670.0000, 0.0000,  0, 0, 0
L -970.0000, 13760.0000, 0.0000,  -1000.0000, 13760.0000, 0.0000,  0, 0, 255
L -1000.0000, 13700.0000, 0.0000,  -970.0000, 13700.0000, 0.0000,  0, 0, 255
L -1000.0000, 13760.0000, 0.0000,  -1000.0000, 13700.0000, 0.0000,  0, 0, 255
L -970.0000, 13760.0000, 0.0000,  -970.0000, 13730.0000, 0.0000,  0, 0, 255
L -970.0000, 13730.0000, 0.0000,  -990.0000, 13730.0000, 0.0000,  0, 0, 255
L -950.0000, 13700.0000, 0.0000,  -950.0000, 13730.0000, 0.0000,  0, 0, 255
L -950.0000, 13730.0000, 0.0000,  -950.0000, 13760.0000, 0.0000,  0, 0, 255
L -950.0000, 13730.0000, 0.0000,  -930.0000, 13730.0000, 0.0000,  0, 0, 255
L -910.0000, 13730.0000, 0.0000,  -910.0000, 13700.0000, 0.0000,  0, 0, 255
L -950.0000, 13700.0000, 0.0000,  -910.0000, 13700.0000, 0.0000,  0, 0, 255
L -930.0000, 13730.0000, 0.0000,  -910.0000, 13730.0000, 0.0000,  0, 0, 255
L -910.0000, 13760.0000, 0.0000,  -930.0000, 13730.0000, 0.0000,  0, 0, 255
L -890.0000, 13700.0000, 0.0000,  -860.0000, 13700.0000, 0.0000,  0, 0, 255
L -890.0000, 13760.0000, 0.0000,  -860.0000, 13760.0000, 0.0000,  0, 0, 255
L -890.0000, 13700.0000, 0.0000,  -890.0000, 13760.0000, 0.0000,  0, 0, 255
L -860.0000, 13700.0000, 0.0000,  -860.0000, 13760.0000, 0.0000,  0, 0, 255
L -800.0000, 13700.0000, 0.0000,  -800.0000, 13760.0000, 0.0000,  0, 0, 255
L -840.0000, 13700.0000, 0.0000,  -840.0000, 13760.0000, 0.0000,  0, 0, 255
L -840.0000, 13760.0000, 0.0000,  -800.0000, 13760.0000, 0.0000,  0, 0, 255
L -750.0000, 13760.0000, 0.0000,  -750.0000, 13700.0000, 0.0000,  0, 0, 255
L -780.0000, 13700.0000, 0.0000,  -750.0000, 13760.0000, 0.0000,  0, 0, 255
L -780.0000, 13760.0000, 0.0000,  -780.0000, 13700.0000, 0.0000,  0, 0, 255
L -720.0000, 13760.0000, 0.0000,  -720.0000, 13700.0000, 0.0000,  0, 0, 255
L -710.0000, 13760.0000, 0.0000,  -730.0000, 13760.0000, 0.0000,  0, 0, 255
L -700.0000, 13730.0000, 0.0000,  -710.0000, 13760.0000, 0.0000,  0, 0, 255
L -710.0000, 13700.0000, 0.0000,  -700.0000, 13730.0000, 0.0000,  0, 0, 255
L -730.0000, 13700.0000, 0.0000,  -710.0000, 13700.0000, 0.0000,  0, 0, 255
L -620.0000, 13700.0000, 0.0000,  -620.0000, 13730.0000, 0.0000,  0, 0, 255
L -620.0000, 13760.0000, 0.0000,  -580.0000, 13760.0000, 0.0000,  0, 0, 255
L -580.0000, 13730.0000, 0.0000,  -620.0000, 13730.0000, 0.0000,  0, 0, 255
L -620.0000, 13700.0000, 0.0000,  -580.0000, 13700.0000, 0.0000,  0, 0, 255
L -580.0000, 13730.0000, 0.0000,  -580.0000, 13760.0000, 0.0000,  0, 0, 255
L -530.0000, 13730.0000, 0.0000,  -560.0000, 13730.0000, 0.0000,  0, 0, 255
L -530.0000, 13700.0000, 0.0000,  -530.0000, 13730.0000, 0.0000,  0, 0, 255
L -560.0000, 13700.0000, 0.0000,  -530.0000, 13700.0000, 0.0000,  0, 0, 255
L -560.0000, 13760.0000, 0.0000,  -560.0000, 13700.0000, 0.0000,  0, 0, 255
L -500.0000, 13730.0000, 0.0000,  -480.0000, 13730.0000, 0.0000,  0, 0, 255
L -490.0000, 13700.0000, 0.0000,  -470.0000, 13760.0000, 0.0000,  0, 0, 255
L -510.0000, 13760.0000, 0.0000,  -490.0000, 13700.0000, 0.0000,  0, 0, 255
L -420.0000, 13760.0000, 0.0000,  -410.0000, 13700.0000, 0.0000,  0, 0, 255
L -430.0000, 13730.0000, 0.0000,  -420.0000, 13760.0000, 0.0000,  0, 0, 255
L -440.0000, 13760.0000, 0.0000,  -430.0000, 13730.0000, 0.0000,  0, 0, 255
L -450.0000, 13700.0000, 0.0000,  -440.0000, 13760.0000, 0.0000,  0, 0, 255
L -360.0000, 13760.0000, 0.0000,  -360.0000, 13700.0000, 0.0000,  0, 0, 255
L -390.0000, 13700.0000, 0.0000,  -360.0000, 13760.0000, 0.0000,  0, 0, 255
L -390.0000, 13760.0000, 0.0000,  -390.0000, 13700.0000, 0.0000,  0, 0, 255
L -970.0000, 13850.0000, 0.0000,  -1000.0000, 13850.0000, 0.0000,  128, 128, 128
L -1000.0000, 13790.0000, 0.0000,  -970.0000, 13790.0000, 0.0000,  128, 128, 128
L -1000.0000, 13850.0000, 0.0000,  -1000.0000, 13790.0000, 0.0000,  128, 128, 128
L -970.0000, 13850.0000, 0.0000,  -970.0000, 13820.0000, 0.0000,  128, 128, 128
L -970.0000, 13820.0000, 0.0000,  -990.0000, 13820.0000, 0.0000,  128, 128, 128
L -910.0000, 13790.0000, 0.0000,  -910.0000, 13850.0000, 0.0000,  128, 128, 128
L -950.0000, 13790.0000, 0.0000,  -950.0000, 13850.0000, 0.0000,  128, 128, 128
L -950.0000, 13850.0000, 0.0000,  -910.0000, 13850.0000, 0.0000,  128, 128, 128
L -890.0000, 13790.0000, 0.0000,  -890.0000, 13850.0000, 0.0000,  128, 128, 128
L -870.0000, 13790.0000, 0.0000,  -870.0000, 13850.0000, 0.0000,  128, 128, 128
L -830.0000, 13850.0000, 0.0000,  -870.0000, 13850.0000, 0.0000,  128, 128, 128
L -800.0000, 13850.0000, 0.0000,  -800.0000, 13790.0000, 0.0000,  128, 128, 128
L -790.0000, 13850.0000, 0.0000,  -810.0000, 13850.0000, 0.0000,  128, 128, 128
L -780.0000, 13820.0000, 0.0000,  -790.0000, 13850.0000, 0.0000,  128, 128, 128
L -790.0000, 13790.0000, 0.0000,  -780.0000, 13820.0000, 0.0000,  128, 128, 128
L -810.0000, 13790.0000, 0.0000,  -790.0000, 13790.0000, 0.0000,  128, 128, 128
L -660.0000, 13790.0000, 0.0000,  -660.0000, 13850.0000, 0.0000,  128, 128, 128
L -680.0000, 13820.0000, 0.0000,  -660.0000, 13790.0000, 0.0000,  128, 128, 128
L -700.0000, 13790.0000, 0.0000,  -680.0000, 13820.0000, 0.0000,  128, 128, 128
L -700.0000, 13850.0000, 0.0000,  -700.0000, 13790.0000, 0.0000,  128, 128, 128
L -630.0000, 13820.0000, 0.0000,  -610.0000, 13820.0000, 0.0000,  128, 128, 128
L -620.0000, 13790.0000, 0.0000,  -600.0000, 13850.0000, 0.0000,  128, 128, 128
L -640.0000, 13850.0000, 0.0000,  -620.0000, 13790.0000, 0.0000,  128, 128, 128
L -580.0000, 13790.0000, 0.0000,  -580.0000, 13820.0000, 0.0000,  128, 128, 128
L -580.0000, 13850.0000, 0.0000,  -540.0000, 13850.0000, 0.0000,  128, 128, 128
L -540.0000, 13820.0000, 0.0000,  -580.0000, 13820.0000, 0.0000,  128, 128, 128
L -580.0000, 13790.0000, 0.0000,  -540.0000, 13790.0000, 0.0000,  128, 128, 128
L -540.0000, 13820.0000, 0.0000,  -540.0000, 13850.0000, 0.0000,  128, 128, 128
L -500.0000, 13790.0000, 0.0000,  -500.0000, 13850.0000, 0.0000,  128, 128, 128
L -520.0000, 13790.0000, 0.0000,  -480.0000, 13790.0000, 0.0000,  128, 128, 128
L -460.0000, 13820.0000, 0.0000,  -430.0000, 13820.0000, 0.0000,  128, 128, 128
L -460.0000, 13850.0000, 0.0000,  -430.0000, 13850.0000, 0.0000,  128, 128, 128
L -460.0000, 13790.0000, 0.0000,  -460.0000, 13850.0000, 0.0000,  128, 128, 128
L -430.0000, 13790.0000, 0.0000,  -460.0000, 13790.0000, 0.0000,  128, 128, 128
L -410.0000, 13790.0000, 0.0000,  -410.0000, 13820.0000, 0.0000,  128, 128, 128
L -410.0000, 13820.0000, 0.0000,  -410.0000, 13850.0000, 0.0000,  128, 128, 128
L -410.0000, 13820.0000, 0.0000,  -390.0000, 13820.0000, 0.0000,  128, 128, 128
L -370.0000, 13820.0000, 0.0000,  -370.0000, 13790.0000, 0.0000,  128, 128, 128
L -410.0000, 13790.0000, 0.0000,  -370.0000, 13790.0000, 0.0000,  128, 128, 128
L -390.0000, 13820.0000, 0.0000,  -370.0000, 13820.0000, 0.0000,  128, 128, 128
L -370.0000, 13850.0000, 0.0000,  -390.0000, 13820.0000, 0.0000,  128, 128, 128
L -1000.0000, 13880.0000, 0.0000,  -1000.0000, 13910.0000, 0.0000,  127, 64, 0
L -960.0000, 13940.0000, 0.0000,  -960.0000, 13910.0000, 0.0000,  127, 64, 0
L -1000.0000, 13910.0000, 0.0000,  -1000.0000, 13940.0000, 0.0000,  127, 64, 0
L -960.0000, 13910.0000, 0.0000,  -960.0000, 13880.0000, 0.0000,  127, 64, 0
L -1000.0000, 13910.0000, 0.0000,  -960.0000, 13910.0000, 0.0000,  127, 64, 0
L -900.0000, 13880.0000, 0.0000,  -900.0000, 13940.0000, 0.0000,  127, 64, 0
L -940.0000, 13880.0000, 0.0000,  -940.0000, 13940.0000, 0.0000,  127, 64, 0
L -940.0000, 13940.0000, 0.0000,  -900.0000, 13940.0000, 0.0000,  127, 64, 0
L -850.0000, 13940.0000, 0.0000,  -850.0000, 13880.0000, 0.0000,  127, 64, 0
L -880.0000, 13880.0000, 0.0000,  -850.0000, 13940.0000, 0.0000,  127, 64, 0
L -880.0000, 13940.0000, 0.0000,  -880.0000, 13880.0000, 0.0000,  127, 64, 0
L -810.0000, 13880.0000, 0.0000,  -810.0000, 13940.0000, 0.0000,  127, 64, 0
L -830.0000, 13880.0000, 0.0000,  -790.0000, 13880.0000, 0.0000,  127, 64, 0
L -770.0000, 13910.0000, 0.0000,  -740.0000, 13910.0000, 0.0000,  127, 64, 0
L -770.0000, 13940.0000, 0.0000,  -740.0000, 13940.0000, 0.0000,  127, 64, 0
L -770.0000, 13880.0000, 0.0000,  -770.0000, 13940.0000, 0.0000,  127, 64, 0
L -740.0000, 13880.0000, 0.0000,  -770.0000, 13880.0000, 0.0000,  127, 64, 0
L -720.0000, 13880.0000, 0.0000,  -720.0000, 13910.0000, 0.0000,  127, 64, 0
L -720.0000, 13910.0000, 0.0000,  -720.0000, 13940.0000, 0.0000,  127, 64, 0
L -720.0000, 13910.0000, 0.0000,  -700.0000, 13910.0000, 0.0000,  127, 64, 0
L -680.0000, 13910.0000, 0.0000,  -680.0000, 13880.0000, 0.0000,  127, 64, 0
L -720.0000, 13880.0000, 0.0000,  -680.0000, 13880.0000, 0.0000,  127, 64, 0
L -700.0000, 13910.0000, 0.0000,  -680.0000, 13910.0000, 0.0000,  127, 64, 0
L -680.0000, 13940.0000, 0.0000,  -700.0000, 13910.0000, 0.0000,  127, 64, 0
L -960.0000, 13970.0000, 0.0000,  -960.0000, 14030.0000, 0.0000,  0, 127, 0
L -980.0000, 14000.0000, 0.0000,  -960.0000, 13970.0000, 0.0000,  0, 127, 0
L -1000.0000, 13970.0000, 0.0000,  -980.0000, 14000.0000, 0.0000,  0, 127, 0
L -1000.0000, 14030.0000, 0.0000,  -1000.0000, 13970.0000, 0.0000,  0, 127, 0
L -940.0000, 14000.0000, 0.0000,  -910.0000, 14000.0000, 0.0000,  0, 127, 0
L -940.0000, 14030.0000, 0.0000,  -910.0000, 14030.0000, 0.0000,  0, 127, 0
L -940.0000, 13970.0000, 0.0000,  -940.0000, 14030.0000, 0.0000,  0, 127, 0
L -910.0000, 13970.0000, 0.0000,  -940.0000, 13970.0000, 0.0000,  0, 127, 0
L -890.0000, 13970.0000, 0.0000,  -890.0000, 14000.0000, 0.0000,  0, 127, 0
L -890.0000, 14000.0000, 0.0000,  -890.0000, 14030.0000, 0.0000,  0, 127, 0
L -890.0000, 14000.0000, 0.0000,  -870.0000, 14000.0000, 0.0000,  0, 127, 0
L -850.0000, 14000.0000, 0.0000,  -850.0000, 13970.0000, 0.0000,  0, 127, 0
L -890.0000, 13970.0000, 0.0000,  -850.0000, 13970.0000, 0.0000,  0, 127, 0
L -870.0000, 14000.0000, 0.0000,  -850.0000, 14000.0000, 0.0000,  0, 127, 0
L -850.0000, 14030.0000, 0.0000,  -870.0000, 14000.0000, 0.0000,  0, 127, 0
L -800.0000, 14030.0000, 0.0000,  -830.0000, 14030.0000, 0.0000,  0, 127, 0
L -830.0000, 13970.0000, 0.0000,  -800.0000, 13970.0000, 0.0000,  0, 127, 0
L -830.0000, 14030.0000, 0.0000,  -830.0000, 13970.0000, 0.0000,  0, 127, 0
L -780.0000, 13970.0000, 0.0000,  -780.0000, 14000.0000, 0.0000,  0, 127, 0
L -740.0000, 14030.0000, 0.0000,  -740.0000, 14000.0000, 0.0000,  0, 127, 0
L -780.0000, 14000.0000, 0.0000,  -780.0000, 14030.0000, 0.0000,  0, 127, 0
L -740.0000, 14000.0000, 0.0000,  -740.0000, 13970.0000, 0.0000,  0, 127, 0
L -780.0000, 14000.0000, 0.0000,  -740.0000, 14000.0000, 0.0000,  0, 127, 0
L -710.0000, 14000.0000, 0.0000,  -690.0000, 14000.0000, 0.0000,  0, 127, 0
L -700.0000, 13970.0000, 0.0000,  -680.0000, 14030.0000, 0.0000,  0, 127, 0
L -720.0000, 14030.0000, 0.0000,  -700.0000, 13970.0000, 0.0000,  0, 127, 0
L -630.0000, 14030.0000, 0.0000,  -630.0000, 13970.0000, 0.0000,  0, 127, 0
L -660.0000, 13970.0000, 0.0000,  -630.0000, 14030.0000, 0.0000,  0, 127, 0
L -660.0000, 14030.0000, 0.0000,  -660.0000, 13970.0000, 0.0000,  0, 127, 0
L -590.0000, 13970.0000, 0.0000,  -590.0000, 14030.0000, 0.0000,  0, 127, 0
L -610.0000, 13970.0000, 0.0000,  -570.0000, 13970.0000, 0.0000,  0, 127, 0
L -960.0000, 14060.0000, 0.0000,  -960.0000, 14120.0000, 0.0000,  0, 127, 127
L -980.0000, 14090.0000, 0.0000,  -960.0000, 14060.0000, 0.0000,  0, 127, 127
L -1000.0000, 14060.0000, 0.0000,  -980.0000, 14090.0000, 0.0000,  0, 127, 127
L -1000.0000, 14120.0000, 0.0000,  -1000.0000, 14060.0000, 0.0000,  0, 127, 127
L -940.0000, 14060.0000, 0.0000,  -940.0000, 14120.0000, 0.0000,  0, 127, 127
L -920.0000, 14060.0000, 0.0000,  -920.0000, 14090.0000, 0.0000,  0, 127, 127
L -920.0000, 14120.0000, 0.0000,  -880.0000, 14120.0000, 0.0000,  0, 127, 127
L -880.0000, 14090.0000, 0.0000,  -920.0000, 14090.0000, 0.0000,  0, 127, 127
L -920.0000, 14060.0000, 0.0000,  -880.0000, 14060.0000, 0.0000,  0, 127, 127
L -880.0000, 14090.0000, 0.0000,  -880.0000, 14120.0000, 0.0000,  0, 127, 127
L -860.0000, 14060.0000, 0.0000,  -860.0000, 14090.0000, 0.0000,  0, 127, 127
L -860.0000, 14120.0000, 0.0000,  -820.0000, 14120.0000, 0.0000,  0, 127, 127
L -820.0000, 14090.0000, 0.0000,  -860.0000, 14090.0000, 0.0000,  0, 127, 127
L -860.0000, 14060.0000, 0.0000,  -820.0000, 14060.0000, 0.0000,  0, 127, 127
L -820.0000, 14090.0000, 0.0000,  -820.0000, 14120.0000, 0.0000,  0, 127, 127
L -800.0000, 14060.0000, 0.0000,  -800.0000, 14120.0000, 0.0000,  0, 127, 127
L -780.0000, 14060.0000, 0.0000,  -750.0000, 14060.0000, 0.0000,  0, 127, 127
L -780.0000, 14120.0000, 0.0000,  -750.0000, 14120.0000, 0.0000,  0, 127, 127
L -780.0000, 14060.0000, 0.0000,  -780.0000, 14120.0000, 0.0000,  0, 127, 127
L -750.0000, 14060.0000, 0.0000,  -750.0000, 14120.0000, 0.0000,  0, 127, 127
L -700.0000, 14120.0000, 0.0000,  -700.0000, 14060.0000, 0.0000,  0, 127, 127
L -730.0000, 14060.0000, 0.0000,  -700.0000, 14120.0000, 0.0000,  0, 127, 127
L -730.0000, 14120.0000, 0.0000,  -730.0000, 14060.0000, 0.0000,  0, 127, 127
L -970.0000, 14210.0000, 0.0000,  -970.0000, 14150.0000, 0.0000,  127, 64, 0
L -1000.0000, 14150.0000, 0.0000,  -970.0000, 14210.0000, 0.0000,  127, 64, 0
L -1000.0000, 14210.0000, 0.0000,  -1000.0000, 14150.0000, 0.0000,  127, 64, 0
L -940.0000, 14180.0000, 0.0000,  -920.0000, 14180.0000, 0.0000,  127, 64, 0
L -930.0000, 14150.0000, 0.0000,  -910.0000, 14210.0000, 0.0000,  127, 64, 0
L -950.0000, 14210.0000, 0.0000,  -930.0000, 14150.0000, 0.0000,  127, 64, 0
L -850.0000, 14150.0000, 0.0000,  -850.0000, 14210.0000, 0.0000,  127, 64, 0
L -870.0000, 14180.0000, 0.0000,  -850.0000, 14150.0000, 0.0000,  127, 64, 0
L -890.0000, 14150.0000, 0.0000,  -870.0000, 14180.0000, 0.0000,  127, 64, 0
L -890.0000, 14210.0000, 0.0000,  -890.0000, 14150.0000, 0.0000,  127, 64, 0
L -830.0000, 14180.0000, 0.0000,  -800.0000, 14180.0000, 0.0000,  127, 64, 0
L -830.0000, 14210.0000, 0.0000,  -800.0000, 14210.0000, 0.0000,  127, 64, 0
L -830.0000, 14150.0000, 0.0000,  -830.0000, 14210.0000, 0.0000,  127, 64, 0
L -800.0000, 14150.0000, 0.0000,  -830.0000, 14150.0000, 0.0000,  127, 64, 0
L -770.0000, 14210.0000, 0.0000,  -770.0000, 14150.0000, 0.0000,  127, 64, 0
L -760.0000, 14210.0000, 0.0000,  -780.0000, 14210.0000, 0.0000,  127, 64, 0
L -750.0000, 14180.0000, 0.0000,  -760.0000, 14210.0000, 0.0000,  127, 64, 0
L -760.0000, 14150.0000, 0.0000,  -750.0000, 14180.0000, 0.0000,  127, 64, 0
L -780.0000, 14150.0000, 0.0000,  -760.0000, 14150.0000, 0.0000,  127, 64, 0
L -970.0000, 14270.0000, 0.0000,  -1000.0000, 14270.0000, 0.0000,  0, 255, 0
L -970.0000, 14240.0000, 0.0000,  -970.0000, 14270.0000, 0.0000,  0, 255, 0
L -1000.0000, 14240.0000, 0.0000,  -970.0000, 14240.0000, 0.0000,  0, 255, 0
L -1000.0000, 14300.0000, 0.0000,  -1000.0000, 14240.0000, 0.0000,  0, 255, 0
L -940.0000, 14270.0000, 0.0000,  -920.0000, 14270.0000, 0.0000,  0, 255, 0
L -930.0000, 14240.0000, 0.0000,  -910.0000, 14300.0000, 0.0000,  0, 255, 0
L -950.0000, 14300.0000, 0.0000,  -930.0000, 14240.0000, 0.0000,  0, 255, 0
L -890.0000, 14240.0000, 0.0000,  -890.0000, 14270.0000, 0.0000,  0, 255, 0
L -890.0000, 14270.0000, 0.0000,  -890.0000, 14300.0000, 0.0000,  0, 255, 0
L -890.0000, 14270.0000, 0.0000,  -870.0000, 14270.0000, 0.0000,  0, 255, 0
L -850.0000, 14270.0000, 0.0000,  -850.0000, 14240.0000, 0.0000,  0, 255, 0
L -890.0000, 14240.0000, 0.0000,  -850.0000, 14240.0000, 0.0000,  0, 255, 0
L -870.0000, 14270.0000, 0.0000,  -850.0000, 14270.0000, 0.0000,  0, 255, 0
L -850.0000, 14300.0000, 0.0000,  -870.0000, 14270.0000, 0.0000,  0, 255, 0
L -800.0000, 14300.0000, 0.0000,  -830.0000, 14300.0000, 0.0000,  0, 255, 0
L -830.0000, 14240.0000, 0.0000,  -800.0000, 14240.0000, 0.0000,  0, 255, 0
L -830.0000, 14300.0000, 0.0000,  -830.0000, 14240.0000, 0.0000,  0, 255, 0
L -780.0000, 14270.0000, 0.0000,  -750.0000, 14270.0000, 0.0000,  0, 255, 0
L -780.0000, 14300.0000, 0.0000,  -750.0000, 14300.0000, 0.0000,  0, 255, 0
L -780.0000, 14240.0000, 0.0000,  -780.0000, 14300.0000, 0.0000,  0, 255, 0
L -750.0000, 14240.0000, 0.0000,  -780.0000, 14240.0000, 0.0000,  0, 255, 0
L -730.0000, 14240.0000, 0.0000,  -730.0000, 14300.0000, 0.0000,  0, 255, 0
L -690.0000, 14300.0000, 0.0000,  -730.0000, 14300.0000, 0.0000,  0, 255, 0
L -670.0000, 14240.0000, 0.0000,  -670.0000, 14270.0000, 0.0000,  0, 255, 0
L -670.0000, 14300.0000, 0.0000,  -630.0000, 14300.0000, 0.0000,  0, 255, 0
L -630.0000, 14270.0000, 0.0000,  -670.0000, 14270.0000, 0.0000,  0, 255, 0
L -670.0000, 14240.0000, 0.0000,  -630.0000, 14240.0000, 0.0000,  0, 255, 0
L -630.0000, 14270.0000, 0.0000,  -630.0000, 14300.0000, 0.0000,  0, 255, 0
L -1000.0000, 14330.0000, 0.0000,  -1000.0000, 14360.0000, 0.0000,  0, 240, 240
L -1000.0000, 14360.0000, 0.0000,  -1000.0000, 14390.0000, 0.0000,  0, 240, 240
L -1000.0000, 14360.0000, 0.0000,  -980.0000, 14360.0000, 0.0000,  0, 240, 240
L -960.0000, 14360.0000, 0.0000,  -960.0000, 14330.0000, 0.0000,  0, 240, 240
L -1000.0000, 14330.0000, 0.0000,  -960.0000, 14330.0000, 0.0000,  0, 240, 240
L -980.0000, 14360.0000, 0.0000,  -960.0000, 14360.0000, 0.0000,  0, 240, 240
L -960.0000, 14390.0000, 0.0000,  -980.0000, 14360.0000, 0.0000,  0, 240, 240
L -930.0000, 14360.0000, 0.0000,  -910.0000, 14360.0000, 0.0000,  0, 240, 240
L -920.0000, 14330.0000, 0.0000,  -900.0000, 14390.0000, 0.0000,  0, 240, 240
L -940.0000, 14390.0000, 0.0000,  -920.0000, 14330.0000, 0.0000,  0, 240, 240
L -880.0000, 14330.0000, 0.0000,  -880.0000, 14390.0000, 0.0000,  0, 240, 240
L -850.0000, 14390.0000, 0.0000,  -850.0000, 14330.0000, 0.0000,  0, 240, 240
L -840.0000, 14390.0000, 0.0000,  -860.0000, 14390.0000, 0.0000,  0, 240, 240
L -830.0000, 14360.0000, 0.0000,  -840.0000, 14390.0000, 0.0000,  0, 240, 240
L -840.0000, 14330.0000, 0.0000,  -830.0000, 14360.0000, 0.0000,  0, 240, 240
L -860.0000, 14330.0000, 0.0000,  -840.0000, 14330.0000, 0.0000,  0, 240, 240
L -1000.0000, 14420.0000, 0.0000,  -1000.0000, 14450.0000, 0.0000,  0, 255, 0
L -1000.0000, 14480.0000, 0.0000,  -960.0000, 14480.0000, 0.0000,  0, 255, 0
L -960.0000, 14450.0000, 0.0000,  -1000.0000, 14450.0000, 0.0000,  0, 255, 0
L -1000.0000, 14420.0000, 0.0000,  -960.0000, 14420.0000, 0.0000,  0, 255, 0
L -960.0000, 14450.0000, 0.0000,  -960.0000, 14480.0000, 0.0000,  0, 255, 0
L -910.0000, 14450.0000, 0.0000,  -940.0000, 14450.0000, 0.0000,  0, 255, 0
L -910.0000, 14420.0000, 0.0000,  -910.0000, 14450.0000, 0.0000,  0, 255, 0
L -940.0000, 14420.0000, 0.0000,  -910.0000, 14420.0000, 0.0000,  0, 255, 0
L -940.0000, 14480.0000, 0.0000,  -940.0000, 14420.0000, 0.0000,  0, 255, 0
L -890.0000, 14450.0000, 0.0000,  -860.0000, 14450.0000, 0.0000,  0, 255, 0
L -890.0000, 14480.0000, 0.0000,  -860.0000, 14480.0000, 0.0000,  0, 255, 0
L -890.0000, 14420.0000, 0.0000,  -890.0000, 14480.0000, 0.0000,  0, 255, 0
L -860.0000, 14420.0000, 0.0000,  -890.0000, 14420.0000, 0.0000,  0, 255, 0
L -810.0000, 14480.0000, 0.0000,  -840.0000, 14480.0000, 0.0000,  0, 255, 0
L -840.0000, 14420.0000, 0.0000,  -810.0000, 14420.0000, 0.0000,  0, 255, 0
L -840.0000, 14480.0000, 0.0000,  -840.0000, 14420.0000, 0.0000,  0, 255, 0
L -790.0000, 14420.0000, 0.0000,  -790.0000, 14480.0000, 0.0000,  0, 255, 0
L -760.0000, 14450.0000, 0.0000,  -740.0000, 14450.0000, 0.0000,  0, 255, 0
L -750.0000, 14420.0000, 0.0000,  -730.0000, 14480.0000, 0.0000,  0, 255, 0
L -770.0000, 14480.0000, 0.0000,  -750.0000, 14420.0000, 0.0000,  0, 255, 0
L -710.0000, 14420.0000, 0.0000,  -710.0000, 14480.0000, 0.0000,  0, 255, 0
L -670.0000, 14480.0000, 0.0000,  -710.0000, 14480.0000, 0.0000,  0, 255, 0
L -560.0000, 14480.0000, 0.0000,  -590.0000, 14480.0000, 0.0000,  0, 255, 0
L -590.0000, 14420.0000, 0.0000,  -560.0000, 14420.0000, 0.0000,  0, 255, 0
L -590.0000, 14480.0000, 0.0000,  -590.0000, 14420.0000, 0.0000,  0, 255, 0
L -500.0000, 14420.0000, 0.0000,  -500.0000, 14480.0000, 0.0000,  0, 255, 0
L -540.0000, 14420.0000, 0.0000,  -540.0000, 14480.0000, 0.0000,  0, 255, 0
L -540.0000, 14480.0000, 0.0000,  -500.0000, 14480.0000, 0.0000,  0, 255, 0
L -480.0000, 14420.0000, 0.0000,  -480.0000, 14450.0000, 0.0000,  0, 255, 0
L -480.0000, 14450.0000, 0.0000,  -480.0000, 14480.0000, 0.0000,  0, 255, 0
L -480.0000, 14450.0000, 0.0000,  -460.0000, 14450.0000, 0.0000,  0, 255, 0
L -440.0000, 14450.0000, 0.0000,  -440.0000, 14420.0000, 0.0000,  0, 255, 0
L -480.0000, 14420.0000, 0.0000,  -440.0000, 14420.0000, 0.0000,  0, 255, 0
L -460.0000, 14450.0000, 0.0000,  -440.0000, 14450.0000, 0.0000,  0, 255, 0
L -440.0000, 14480.0000, 0.0000,  -460.0000, 14450.0000, 0.0000,  0, 255, 0
L -420.0000, 14420.0000, 0.0000,  -420.0000, 14450.0000, 0.0000,  0, 255, 0
L -420.0000, 14450.0000, 0.0000,  -420.0000, 14480.0000, 0.0000,  0, 255, 0
L -420.0000, 14450.0000, 0.0000,  -400.0000, 14450.0000, 0.0000,  0, 255, 0
L -380.0000, 14450.0000, 0.0000,  -380.0000, 14420.0000, 0.0000,  0, 255, 0
L -420.0000, 14420.0000, 0.0000,  -380.0000, 14420.0000, 0.0000,  0, 255, 0
L -400.0000, 14450.0000, 0.0000,  -380.0000, 14450.0000, 0.0000,  0, 255, 0
L -380.0000, 14480.0000, 0.0000,  -400.0000, 14450.0000, 0.0000,  0, 255, 0
L -360.0000, 14450.0000, 0.0000,  -330.0000, 14450.0000, 0.0000,  0, 255, 0
L -360.0000, 14480.0000, 0.0000,  -330.0000, 14480.0000, 0.0000,  0, 255, 0
L -360.0000, 14420.0000, 0.0000,  -360.0000, 14480.0000, 0.0000,  0, 255, 0
L -330.0000, 14420.0000, 0.0000,  -360.0000, 14420.0000, 0.0000,  0, 255, 0
L -280.0000, 14480.0000, 0.0000,  -280.0000, 14420.0000, 0.0000,  0, 255, 0
L -310.0000, 14420.0000, 0.0000,  -280.0000, 14480.0000, 0.0000,  0, 255, 0
L -310.0000, 14480.0000, 0.0000,  -310.0000, 14420.0000, 0.0000,  0, 255, 0
L -230.0000, 14480.0000, 0.0000,  -260.0000, 14480.0000, 0.0000,  0, 255, 0
L -260.0000, 14420.0000, 0.0000,  -230.0000, 14420.0000, 0.0000,  0, 255, 0
L -260.0000, 14480.0000, 0.0000,  -260.0000, 14420.0000, 0.0000,  0, 255, 0
L -190.0000, 14450.0000, 0.0000,  -190.0000, 14480.0000, 0.0000,  0, 255, 0
L -190.0000, 14450.0000, 0.0000,  -170.0000, 14420.0000, 0.0000,  0, 255, 0
L -210.0000, 14420.0000, 0.0000,  -190.0000, 14450.0000, 0.0000,  0, 255, 0
L -1000.0000, 14510.0000, 0.0000,  -1000.0000, 14540.0000, 0.0000,  255, 0, 0
L -1000.0000, 14570.0000, 0.0000,  -960.0000, 14570.0000, 0.0000,  255, 0, 0
L -960.0000, 14540.0000, 0.0000,  -1000.0000, 14540.0000, 0.0000,  255, 0, 0
L -1000.0000, 14510.0000, 0.0000,  -960.0000, 14510.0000, 0.0000,  255, 0, 0
L -960.0000, 14540.0000, 0.0000,  -960.0000, 14570.0000, 0.0000,  255, 0, 0
L -900.0000, 14510.0000, 0.0000,  -900.0000, 14570.0000, 0.0000,  255, 0, 0
L -940.0000, 14510.0000, 0.0000,  -940.0000, 14570.0000, 0.0000,  255, 0, 0
L -940.0000, 14570.0000, 0.0000,  -900.0000, 14570.0000, 0.0000,  255, 0, 0
L -850.0000, 14570.0000, 0.0000,  -880.0000, 14570.0000, 0.0000,  255, 0, 0
L -880.0000, 14510.0000, 0.0000,  -850.0000, 14510.0000, 0.0000,  255, 0, 0
L -880.0000, 14570.0000, 0.0000,  -880.0000, 14510.0000, 0.0000,  255, 0, 0
L -800.0000, 14570.0000, 0.0000,  -830.0000, 14570.0000, 0.0000,  255, 0, 0
L -830.0000, 14510.0000, 0.0000,  -800.0000, 14510.0000, 0.0000,  255, 0, 0
L -830.0000, 14570.0000, 0.0000,  -830.0000, 14510.0000, 0.0000,  255, 0, 0
L -780.0000, 14510.0000, 0.0000,  -750.0000, 14510.0000, 0.0000,  255, 0, 0
L -780.0000, 14570.0000, 0.0000,  -750.0000, 14570.0000, 0.0000,  255, 0, 0
L -780.0000, 14510.0000, 0.0000,  -780.0000, 14570.0000, 0.0000,  255, 0, 0
L -750.0000, 14510.0000, 0.0000,  -750.0000, 14570.0000, 0.0000,  255, 0, 0
L -730.0000, 14510.0000, 0.0000,  -730.0000, 14540.0000, 0.0000,  255, 0, 0
L -730.0000, 14540.0000, 0.0000,  -730.0000, 14570.0000, 0.0000,  255, 0, 0
L -730.0000, 14540.0000, 0.0000,  -710.0000, 14540.0000, 0.0000,  255, 0, 0
L -690.0000, 14540.0000, 0.0000,  -690.0000, 14510.0000, 0.0000,  255, 0, 0
L -730.0000, 14510.0000, 0.0000,  -690.0000, 14510.0000, 0.0000,  255, 0, 0
L -710.0000, 14540.0000, 0.0000,  -690.0000, 14540.0000, 0.0000,  255, 0, 0
L -690.0000, 14570.0000, 0.0000,  -710.0000, 14540.0000, 0.0000,  255, 0, 0
L -980.0000, 14600.0000, 0.0000,  -980.0000, 14660.0000, 0.0000,  255, 255, 0
L -1000.0000, 14600.0000, 0.0000,  -960.0000, 14600.0000, 0.0000,  255, 255, 0
L -940.0000, 14630.0000, 0.0000,  -910.0000, 14630.0000, 0.0000,  255, 255, 0
L -940.0000, 14660.0000, 0.0000,  -910.0000, 14660.0000, 0.0000,  255, 255, 0
L -940.0000, 14600.0000, 0.0000,  -940.0000, 14660.0000, 0.0000,  255, 255, 0
L -910.0000, 14600.0000, 0.0000,  -940.0000, 14600.0000, 0.0000,  255, 255, 0
L -890.0000, 14600.0000, 0.0000,  -890.0000, 14660.0000, 0.0000,  255, 255, 0
L -850.0000, 14660.0000, 0.0000,  -890.0000, 14660.0000, 0.0000,  255, 255, 0
L -830.0000, 14630.0000, 0.0000,  -800.0000, 14630.0000, 0.0000,  255, 255, 0
L -830.0000, 14660.0000, 0.0000,  -800.0000, 14660.0000, 0.0000,  255, 255, 0
L -830.0000, 14600.0000, 0.0000,  -830.0000, 14660.0000, 0.0000,  255, 255, 0
L -800.0000, 14600.0000, 0.0000,  -830.0000, 14600.0000, 0.0000,  255, 255, 0
L -750.0000, 14630.0000, 0.0000,  -780.0000, 14630.0000, 0.0000,  255, 255, 0
L -750.0000, 14600.0000, 0.0000,  -750.0000, 14630.0000, 0.0000,  255, 255, 0
L -780.0000, 14600.0000, 0.0000,  -750.0000, 14600.0000, 0.0000,  255, 255, 0
L -780.0000, 14660.0000, 0.0000,  -780.0000, 14600.0000, 0.0000,  255, 255, 0
L -730.0000, 14600.0000, 0.0000,  -700.0000, 14600.0000, 0.0000,  255, 255, 0
L -730.0000, 14660.0000, 0.0000,  -700.0000, 14660.0000, 0.0000,  255, 255, 0
L -730.0000, 14600.0000, 0.0000,  -730.0000, 14660.0000, 0.0000,  255, 255, 0
L -700.0000, 14600.0000, 0.0000,  -700.0000, 14660.0000, 0.0000,  255, 255, 0
L -680.0000, 14600.0000, 0.0000,  -680.0000, 14630.0000, 0.0000,  255, 255, 0
L -680.0000, 14630.0000, 0.0000,  -680.0000, 14660.0000, 0.0000,  255, 255, 0
L -680.0000, 14630.0000, 0.0000,  -660.0000, 14630.0000, 0.0000,  255, 255, 0
L -640.0000, 14630.0000, 0.0000,  -640.0000, 14600.0000, 0.0000,  255, 255, 0
L -680.0000, 14600.0000, 0.0000,  -640.0000, 14600.0000, 0.0000,  255, 255, 0
L -660.0000, 14630.0000, 0.0000,  -640.0000, 14630.0000, 0.0000,  255, 255, 0
L -640.0000, 14660.0000, 0.0000,  -660.0000, 14630.0000, 0.0000,  255, 255, 0
L -600.0000, 14600.0000, 0.0000,  -600.0000, 14660.0000, 0.0000,  255, 255, 0
L -620.0000, 14600.0000, 0.0000,  -580.0000, 14600.0000, 0.0000,  255, 255, 0
L -980.0000, 14690.0000, 0.0000,  -980.0000, 14750.0000, 0.0000,  128, 0, 128
L -1000.0000, 14690.0000, 0.0000,  -960.0000, 14690.0000, 0.0000,  128, 0, 128
L -940.0000, 14690.0000, 0.0000,  -940.0000, 14720.0000, 0.0000,  128, 0, 128
L -940.0000, 14720.0000, 0.0000,  -940.0000, 14750.0000, 0.0000,  128, 0, 128
L -940.0000, 14720.0000, 0.0000,  -920.0000, 14720.0000, 0.0000,  128, 0, 128
L -900.0000, 14720.0000, 0.0000,  -900.0000, 14690.0000, 0.0000,  128, 0, 128
L -940.0000, 14690.0000, 0.0000,  -900.0000, 14690.0000, 0.0000,  128, 0, 128
L -920.0000, 14720.0000, 0.0000,  -900.0000, 14720.0000, 0.0000,  128, 0, 128
L -900.0000, 14750.0000, 0.0000,  -920.0000, 14720.0000, 0.0000,  128, 0, 128
L -870.0000, 14720.0000, 0.0000,  -850.0000, 14720.0000, 0.0000,  128, 0, 128
L -860.0000, 14690.0000, 0.0000,  -840.0000, 14750.0000, 0.0000,  128, 0, 128
L -880.0000, 14750.0000, 0.0000,  -860.0000, 14690.0000, 0.0000,  128, 0, 128
L -810.0000, 14750.0000, 0.0000,  -810.0000, 14690.0000, 0.0000,  128, 0, 128
L -800.0000, 14750.0000, 0.0000,  -820.0000, 14750.0000, 0.0000,  128, 0, 128
L -790.0000, 14720.0000, 0.0000,  -800.0000, 14750.0000, 0.0000,  128, 0, 128
L -800.0000, 14690.0000, 0.0000,  -790.0000, 14720.0000, 0.0000,  128, 0, 128
L -820.0000, 14690.0000, 0.0000,  -800.0000, 14690.0000, 0.0000,  128, 0, 128
L -770.0000, 14720.0000, 0.0000,  -740.0000, 14720.0000, 0.0000,  128, 0, 128
L -770.0000, 14750.0000, 0.0000,  -740.0000, 14750.0000, 0.0000,  128, 0, 128
L -770.0000, 14690.0000, 0.0000,  -770.0000, 14750.0000, 0.0000,  128, 0, 128
L -740.0000, 14690.0000, 0.0000,  -770.0000, 14690.0000, 0.0000,  128, 0, 128
L -720.0000, 14690.0000, 0.0000,  -720.0000, 14720.0000, 0.0000,  128, 0, 128
L -720.0000, 14750.0000, 0.0000,  -680.0000, 14750.0000, 0.0000,  128, 0, 128
L -680.0000, 14720.0000, 0.0000,  -720.0000, 14720.0000, 0.0000,  128, 0, 128
L -720.0000, 14690.0000, 0.0000,  -680.0000, 14690.0000, 0.0000,  128, 0, 128
L -680.0000, 14720.0000, 0.0000,  -680.0000, 14750.0000, 0.0000,  128, 0, 128
L -660.0000, 14690.0000, 0.0000,  -660.0000, 14720.0000, 0.0000,  128, 0, 128
L -660.0000, 14720.0000, 0.0000,  -660.0000, 14750.0000, 0.0000,  128, 0, 128
L -660.0000, 14720.0000, 0.0000,  -620.0000, 14750.0000, 0.0000,  128, 0, 128
L -660.0000, 14720.0000, 0.0000,  -620.0000, 14690.0000, 0.0000,  128, 0, 128
L -600.0000, 14690.0000, 0.0000,  -600.0000, 14750.0000, 0.0000,  128, 0, 128
L -580.0000, 14690.0000, 0.0000,  -580.0000, 14750.0000, 0.0000,  128, 0, 128
L -540.0000, 14750.0000, 0.0000,  -580.0000, 14750.0000, 0.0000,  128, 0, 128
L -520.0000, 14690.0000, 0.0000,  -520.0000, 14750.0000, 0.0000,  128, 0, 128
L -480.0000, 14750.0000, 0.0000,  -520.0000, 14750.0000, 0.0000,  128, 0, 128
L -370.0000, 14750.0000, 0.0000,  -400.0000, 14750.0000, 0.0000,  128, 0, 128
L -400.0000, 14690.0000, 0.0000,  -370.0000, 14690.0000, 0.0000,  128, 0, 128
L -400.0000, 14750.0000, 0.0000,  -400.0000, 14690.0000, 0.0000,  128, 0, 128
L -350.0000, 14690.0000, 0.0000,  -320.0000, 14690.0000, 0.0000,  128, 0, 128
L -350.0000, 14750.0000, 0.0000,  -320.0000, 14750.0000, 0.0000,  128, 0, 128
L -350.0000, 14690.0000, 0.0000,  -350.0000, 14750.0000, 0.0000,  128, 0, 128
L -320.0000, 14690.0000, 0.0000,  -320.0000, 14750.0000, 0.0000,  128, 0, 128
L -270.0000, 14750.0000, 0.0000,  -270.0000, 14690.0000, 0.0000,  128, 0, 128
L -300.0000, 14690.0000, 0.0000,  -270.0000, 14750.0000, 0.0000,  128, 0, 128
L -300.0000, 14750.0000, 0.0000,  -300.0000, 14690.0000, 0.0000,  128, 0, 128
L -230.0000, 14690.0000, 0.0000,  -230.0000, 14750.0000, 0.0000,  128, 0, 128
L -250.0000, 14690.0000, 0.0000,  -210.0000, 14690.0000, 0.0000,  128, 0, 128
L -180.0000, 14720.0000, 0.0000,  -160.0000, 14720.0000, 0.0000,  128, 0, 128
L -170.0000, 14690.0000, 0.0000,  -150.0000, 14750.0000, 0.0000,  128, 0, 128
L -190.0000, 14750.0000, 0.0000,  -170.0000, 14690.0000, 0.0000,  128, 0, 128
L -130.0000, 14690.0000, 0.0000,  -130.0000, 14750.0000, 0.0000,  128, 0, 128
L -80.0000, 14750.0000, 0.0000,  -80.0000, 14690.0000, 0.0000,  128, 0, 128
L -110.0000, 14690.0000, 0.0000,  -80.0000, 14750.0000, 0.0000,  128, 0, 128
L -110.0000, 14750.0000, 0.0000,  -110.0000, 14690.0000, 0.0000,  128, 0, 128
L -60.0000, 14720.0000, 0.0000,  -30.0000, 14720.0000, 0.0000,  128, 0, 128
L -60.0000, 14750.0000, 0.0000,  -30.0000, 14750.0000, 0.0000,  128, 0, 128
L -60.0000, 14690.0000, 0.0000,  -60.0000, 14750.0000, 0.0000,  128, 0, 128
L -30.0000, 14690.0000, 0.0000,  -60.0000, 14690.0000, 0.0000,  128, 0, 128
L -10.0000, 14690.0000, 0.0000,  -10.0000, 14720.0000, 0.0000,  128, 0, 128
L -10.0000, 14720.0000, 0.0000,  -10.0000, 14750.0000, 0.0000,  128, 0, 128
L -10.0000, 14720.0000, 0.0000,  10.0000, 14720.0000, 0.0000,  128, 0, 128
L 30.0000, 14720.0000, 0.0000,  30.0000, 14690.0000, 0.0000,  128, 0, 128
L -10.0000, 14690.0000, 0.0000,  30.0000, 14690.0000, 0.0000,  128, 0, 128
L 10.0000, 14720.0000, 0.0000,  30.0000, 14720.0000, 0.0000,  128, 0, 128
L 30.0000, 14750.0000, 0.0000,  10.0000, 14720.0000, 0.0000,  128, 0, 128
L -980.0000, 14780.0000, 0.0000,  -980.0000, 14840.0000, 0.0000,  255, 255, 0
L -1000.0000, 14780.0000, 0.0000,  -960.0000, 14780.0000, 0.0000,  255, 255, 0
L -940.0000, 14780.0000, 0.0000,  -940.0000, 14810.0000, 0.0000,  255, 255, 0
L -940.0000, 14810.0000, 0.0000,  -940.0000, 14840.0000, 0.0000,  255, 255, 0
L -940.0000, 14810.0000, 0.0000,  -920.0000, 14810.0000, 0.0000,  255, 255, 0
L -900.0000, 14810.0000, 0.0000,  -900.0000, 14780.0000, 0.0000,  255, 255, 0
L -940.0000, 14780.0000, 0.0000,  -900.0000, 14780.0000, 0.0000,  255, 255, 0
L -920.0000, 14810.0000, 0.0000,  -900.0000, 14810.0000, 0.0000,  255, 255, 0
L -900.0000, 14840.0000, 0.0000,  -920.0000, 14810.0000, 0.0000,  255, 255, 0
L -870.0000, 14810.0000, 0.0000,  -850.0000, 14810.0000, 0.0000,  255, 255, 0
L -860.0000, 14780.0000, 0.0000,  -840.0000, 14840.0000, 0.0000,  255, 255, 0
L -880.0000, 14840.0000, 0.0000,  -860.0000, 14780.0000, 0.0000,  255, 255, 0
L -790.0000, 14810.0000, 0.0000,  -820.0000, 14810.0000, 0.0000,  255, 255, 0
L -790.0000, 14780.0000, 0.0000,  -790.0000, 14810.0000, 0.0000,  255, 255, 0
L -820.0000, 14780.0000, 0.0000,  -790.0000, 14780.0000, 0.0000,  255, 255, 0
L -820.0000, 14840.0000, 0.0000,  -820.0000, 14780.0000, 0.0000,  255, 255, 0
L -970.0000, 14870.0000, 0.0000,  -1000.0000, 14870.0000, 0.0000,  255, 0, 0
L -1000.0000, 14930.0000, 0.0000,  -970.0000, 14870.0000, 0.0000,  255, 0, 0
L -1000.0000, 14930.0000, 0.0000,  -970.0000, 14930.0000, 0.0000,  255, 0, 0
L -950.0000, 14870.0000, 0.0000,  -920.0000, 14870.0000, 0.0000,  255, 0, 0
L -950.0000, 14930.0000, 0.0000,  -920.0000, 14930.0000, 0.0000,  255, 0, 0
L -950.0000, 14870.0000, 0.0000,  -950.0000, 14930.0000, 0.0000,  255, 0, 0
L -920.0000, 14870.0000, 0.0000,  -920.0000, 14930.0000, 0.0000,  255, 0, 0
L -870.0000, 14930.0000, 0.0000,  -870.0000, 14870.0000, 0.0000,  255, 0, 0
L -900.0000, 14870.0000, 0.0000,  -870.0000, 14930.0000, 0.0000,  255, 0, 0
L -900.0000, 14930.0000, 0.0000,  -900.0000, 14870.0000, 0.0000,  255, 0, 0
L -850.0000, 14900.0000, 0.0000,  -820.0000, 14900.0000, 0.0000,  255, 0, 0
L -850.0000, 14930.0000, 0.0000,  -820.0000, 14930.0000, 0.0000,  255, 0, 0
L -850.0000, 14870.0000, 0.0000,  -850.0000, 14930.0000, 0.0000,  255, 0, 0
L -820.0000, 14870.0000, 0.0000,  -850.0000, 14870.0000, 0.0000,  255, 0, 0
P -2000.0000, 13300.0000, 0.0000,  0, 0, 0,  2,  Original_Map:_EverQuest_Default
P -2000.0000, 13500.0000, 0.0000,  0, 0, 0,  2,  Revised_Map:_Brewall_Rainsiger_(Cazic-Thule)
P -2000.0000, 13700.0000, 0.0000,  0, 0, 0,  2,  http://www.eqmaps.info
P -2000.0000, 13900.0000, 0.0000,  0, 0, 0,  2,  Return_of_the_Exiled_(www.roteguild.org)
P -2000.0000, 14100.0000, 0.0000,  240, 127, 0,  2,  Faydedar
P -2000.0000, 14300.0000, 0.0000,  127, 64, 0,  2,  Halara
P -2000.0000, 14500.0000, 0.0000,  127, 64, 0,  2,  Ugrak_da_Raider
